1586364540.056659, 0
1586364540.071278, 0
1586364540.084765, 0
1586364540.098210, 0
1586364540.115099, 0
1586364540.129110, 0
1586364540.143988, 1
1586364540.157591, 2
1586364540.172049, 0
1586364540.185437, 2
1586364540.199732, 5
1586364540.214207, 5
1586364540.228410, 6
1586364540.244522, 10
1586364540.258994, 8
1586364540.273063, 9
1586364540.289888, 9
1586364540.304148, 10
1586364540.318721, 6
1586364540.332411, 9
1586364540.346070, 10
1586364540.360094, 7
1586364540.373626, 10
1586364540.387744, 10
1586364540.401634, 7
1586364540.416606, 4
1586364540.430423, 4
1586364540.444330, 5
1586364540.457939, 2
1586364540.472599, 3
1586364540.486786, 2
1586364540.545827, 4
1586364540.566073, 5
1586364540.587742, 3
1586364540.607346, 4
1586364540.627492, 3
1586364540.648296, 5
1586364540.668035, 5
1586364540.687658, 4
1586364540.707308, 5
1586364540.727529, 5
1586364540.747714, 7
1586364540.768753, 6
1586364540.790565, 6
1586364540.811783, 4
1586364540.836456, 6
1586364540.856600, 8
1586364540.879382, 6
1586364540.893540, 6
1586364540.907007, 6
1586364540.920847, 7
1586364540.935869, 7
1586364540.950695, 8
1586364540.965346, 10
1586364540.979656, 7
1586364540.995258, 9
1586364541.010542, 7
1586364541.260290, 9
1586364541.279846, 7
1586364541.299596, 7
1586364541.319886, 2
1586364541.341855, 3
1586364541.361486, 4
1586364541.376437, 2
1586364541.391751, 2
1586364541.408287, 3
1586364541.422723, 2
1586364541.436469, 3
1586364541.455056, 2
1586364541.468828, 5
1586364541.483461, 3
1586364541.499078, 3
1586364541.514887, 4
1586364541.530694, 3
1586364541.545827, 5
1586364541.559540, 3
1586364541.575048, 4
1586364541.589787, 4
1586364541.604476, 6
1586364541.619438, 7
1586364541.632736, 5
1586364541.647435, 6
1586364541.663157, 7
1586364541.677003, 10
1586364541.691372, 5
1586364541.707197, 5
1586364541.723055, 6
1586364541.737542, 2
1586364541.752073, 2
1586364541.766837, 2
1586364541.780433, 2
1586364541.795075, 3
1586364541.809430, 1
1586364541.823123, 4
1586364541.837125, 2
1586364541.850749, 2
1586364541.865379, 1
1586364541.878863, 4
1586364541.892653, 2
1586364541.907556, 4
1586364541.921513, 2
1586364541.935561, 3
1586364541.951049, 2
1586364541.964619, 3
1586364541.978303, 4
1586364541.991883, 5
1586364542.005852, 6
1586364542.019721, 7
1586364542.037226, 6
1586364542.056890, 6
1586364542.071028, 7
1586364542.084301, 7
1586364542.098061, 6
1586364542.112205, 8
1586364542.126764, 7
1586364542.140792, 8
1586364542.156421, 6
1586364542.171088, 7
1586364542.187061, 9
1586364542.200671, 7
1586364542.215281, 6
1586364542.229531, 8
1586364542.243766, 8
1586364542.259200, 8
1586364542.278737, 9
1586364542.299716, 7
1586364542.323130, 7
1586364542.343371, 4
1586364542.364749, 2
1586364542.387102, 3
1586364542.407306, 2
1586364542.428068, 4
1586364542.447746, 2
1586364542.469571, 3
1586364542.490407, 3
1586364542.511696, 4
1586364542.532597, 4
1586364542.551707, 5
1586364542.571312, 7
1586364542.591598, 6
1586364542.612427, 6
1586364542.633262, 7
1586364542.652633, 6
1586364542.671045, 7
1586364542.686671, 8
1586364542.700702, 6
1586364542.714206, 8
1586364542.728164, 7
1586364542.741562, 8
1586364542.761012, 8
1586364542.779821, 9
1586364542.799094, 8
1586364542.818019, 8
1586364542.837914, 7
1586364542.857642, 2
1586364542.877856, 3
1586364542.896584, 1
1586364542.916268, 3
1586364542.935413, 3
1586364542.955090, 3
1586364542.974666, 5
1586364542.994894, 5
1586364543.014528, 4
1586364543.034235, 4
1586364543.053702, 5
1586364543.071926, 5
1586364543.090105, 6
1586364543.108390, 7
1586364543.127839, 6
1586364543.146767, 6
1586364543.165563, 6
1586364543.183439, 9
1586364543.202500, 7
1586364543.220740, 7
1586364543.247483, 9
1586364543.263107, 9
1586364543.283939, 10
1586364543.299626, 9
1586364543.317594, 8
1586364543.336535, 8
1586364543.356403, 3
1586364543.377023, 3
1586364543.396491, 2
1586364543.415489, 3
1586364543.434552, 3
1586364543.452871, 2
1586364543.470580, 3
1586364543.489443, 5
1586364543.508769, 4
1586364543.528180, 4
1586364543.548321, 4
1586364543.566525, 6
1586364543.585731, 6
1586364543.604338, 6
1586364543.623213, 5
1586364543.641893, 7
1586364543.660607, 6
1586364543.680594, 8
1586364543.699068, 7
1586364543.717701, 8
1586364543.737234, 8
1586364543.756268, 7
1586364543.775170, 8
1586364543.794575, 8
1586364543.813574, 8
1586364543.832474, 9
1586364543.851049, 8
1586364543.867023, 3
1586364543.885215, 3
1586364543.899927, 3
1586364543.913730, 2
1586364543.927601, 3
1586364543.942536, 3
1586364543.956320, 3
1586364543.971564, 4
1586364543.991547, 4
1586364544.011621, 4
1586364544.031074, 5
1586364544.051870, 4
1586364544.072946, 5
1586364544.092405, 6
1586364544.111578, 6
1586364544.131294, 6
1586364544.151536, 7
1586364544.172001, 6
1586364544.191881, 7
1586364544.212627, 6
1586364544.232242, 9
1586364544.255808, 7
1586364544.275957, 9
1586364544.297541, 8
1586364544.353849, 7
1586364544.374805, 6
1586364544.466472, 7
1586364544.487321, 5
1586364544.506255, 5
1586364544.528085, 2
1586364544.542542, 1
1586364544.557432, 4
1586364544.573173, 4
1586364544.588024, 3
1586364544.603377, 3
1586364544.620100, 2
1586364545.016640, 5
1586364545.035396, 4
1586364545.055456, 4
1586364545.075578, 5
1586364545.094206, 6
1586364545.113072, 5
1586364545.138546, 6
1586364545.153156, 4
1586364545.167310, 6
1586364545.180835, 6
1586364545.195651, 6
1586364545.209681, 6
1586364545.223485, 8
1586364545.238017, 6
1586364545.252449, 8
1586364545.267509, 7
1586364545.281848, 9
1586364545.296576, 8
1586364545.309777, 8
1586364545.323814, 10
1586364545.339555, 10
1586364545.354434, 7
1586364545.368991, 9
1586364545.383743, 8
1586364545.398180, 9
1586364545.411959, 2
1586364545.426123, 4
1586364545.439581, 2
1586364545.454085, 3
1586364545.468062, 2
1586364545.482669, 3
1586364545.499009, 3
1586364545.513101, 2
1586364545.527727, 4
1586364545.541607, 4
1586364545.555556, 3
1586364545.570049, 4
1586364545.584027, 3
1586364545.598065, 5
1586364545.611695, 5
1586364545.625575, 5
1586364545.639993, 5
1586364545.653641, 6
1586364545.667556, 6
1586364545.690139, 6
1586364545.707527, 7
1586364545.721590, 7
1586364545.736062, 9
1586364545.751826, 7
1586364545.765941, 7
1586364545.780085, 8
1586364545.794641, 9
1586364545.808367, 8
1586364545.822045, 9
1586364545.835859, 9
1586364545.851278, 8
1586364545.864765, 9
1586364545.879620, 9
1586364545.895690, 9
1586364545.909782, 9
1586364545.923996, 10
1586364545.938632, 10
1586364545.952433, 7
1586364545.966922, 7
1586364545.981582, 7
1586364545.995286, 2
1586364546.009872, 3
1586364546.024541, 3
1586364546.039161, 2
1586364546.053872, 4
1586364546.068003, 1
1586364546.081353, 2
1586364546.096309, 3
1586364546.111544, 3
1586364546.125622, 3
1586364546.142931, 5
1586364546.156787, 4
1586364546.171446, 4
1586364546.185544, 3
1586364546.202595, 5
1586364546.217149, 3
1586364546.230813, 7
1586364546.247380, 6
1586364546.262736, 7
1586364546.276335, 7
1586364546.290548, 7
1586364546.307011, 7
1586364546.323612, 6
1586364546.338553, 7
1586364546.353274, 8
1586364546.367107, 7
1586364546.381939, 7
1586364546.395910, 9
1586364546.409749, 9
1586364546.425254, 8
1586364546.439089, 10
1586364546.454360, 9
1586364546.470364, 9
1586364546.485001, 9
1586364546.498685, 8
1586364546.512411, 10
1586364546.526976, 7
1586364546.541877, 9
1586364546.556361, 8
1586364546.570044, 7
1586364546.583507, 7
1586364546.599341, 4
1586364546.612973, 3
1586364546.626882, 3
1586364546.640278, 3
1586364546.656418, 3
1586364546.671195, 2
1586364546.686012, 3
1586364546.700197, 2
1586364546.714118, 4
1586364546.727939, 3
1586364546.742504, 5
1586364546.757155, 4
1586364546.770922, 3
1586364546.784468, 4
1586364546.800113, 3
1586364546.814789, 5
1586364546.829361, 5
1586364546.843047, 6
1586364546.857833, 6
1586364546.871387, 5
1586364546.887743, 6
1586364546.901802, 5
1586364546.916477, 5
1586364546.930704, 5
1586364546.944137, 8
1586364546.957867, 7
1586364546.972898, 8
1586364546.986620, 7
1586364547.000930, 8
1586364547.014970, 7
1586364547.029701, 7
1586364547.045880, 10
1586364547.060361, 10
1586364547.075055, 8
1586364547.089698, 7
1586364547.104338, 9
1586364547.118922, 8
1586364547.272703, 9
1586364547.291598, 6
1586364547.310024, 8
1586364547.329769, 8
1586364547.349527, 3
1586364547.372044, 4
1586364547.393199, 2
1586364547.411960, 2
1586364547.432003, 3
1586364547.459171, 3
1586364548.190003, 2
1586364548.204379, 3
1586364548.220005, 6
1586364548.235635, 6
1586364548.250258, 4
1586364548.263959, 5
1586364548.278713, 7
1586364548.292338, 5
1586364548.307111, 5
1586364548.322066, 6
1586364548.336678, 5
1586364548.350793, 7
1586364548.365512, 6
1586364548.379157, 5
1586364548.392608, 7
1586364548.406607, 7
1586364548.422097, 7
1586364548.436786, 7
1586364548.450491, 7
1586364548.463869, 6
1586364548.478001, 7
1586364548.491716, 7
1586364548.506005, 8
1586364548.519754, 7
1586364548.534417, 8
1586364548.547749, 8
1586364548.560942, 8
1586364548.574748, 10
1586364548.590785, 9
1586364548.605717, 9
1586364548.623069, 9
1586364548.639146, 8
1586364548.654331, 8
1586364548.671416, 8
1586364548.688608, 1
1586364548.703967, 5
1586364548.718035, 2
1586364548.732167, 3
1586364548.748874, 4
1586364548.764300, 1
1586364548.778134, 4
1586364548.795424, 3
1586364548.809544, 3
1586364548.833428, 4
1586364548.847101, 4
1586364548.863461, 4
1586364548.878253, 4
1586364548.891923, 4
1586364548.908533, 5
1586364548.922286, 5
1586364548.936807, 5
1586364548.952840, 6
1586364548.967487, 7
1586364548.982607, 6
1586364548.997196, 6
1586364549.012035, 7
1586364549.026083, 5
1586364549.040167, 6
1586364549.056778, 6
1586364549.072396, 5
1586364549.091887, 7
1586364549.106510, 8
1586364549.120229, 8
1586364549.133816, 9
1586364549.147474, 8
1586364549.162160, 9
1586364549.175878, 9
1586364549.190534, 8
1586364549.203832, 9
1586364549.218684, 9
1586364549.235698, 8
1586364549.249527, 9
1586364549.270304, 9
1586364549.289557, 2
1586364549.311067, 3
1586364549.331561, 3
1586364549.352979, 3
1586364549.371822, 3
1586364549.391637, 3
1586364549.412111, 3
1586364549.432605, 4
1586364549.451058, 3
1586364549.467440, 2
1586364549.481174, 4
1586364549.496630, 4
1586364549.510414, 6
1586364549.524006, 6
1586364549.537597, 6
1586364549.553296, 4
1586364549.567041, 6
1586364549.580511, 7
1586364549.594217, 6
1586364549.609267, 6
1586364549.622630, 8
1586364549.635884, 6
1586364549.649466, 7
1586364549.664552, 6
1586364549.679709, 6
1586364549.694555, 9
1586364549.707773, 9
1586364549.721500, 9
1586364549.736400, 8
1586364549.750895, 10
1586364549.766002, 9
1586364549.781421, 9
1586364549.795981, 8
1586364549.811008, 10
1586364549.826776, 9
1586364549.842943, 7
1586364549.858561, 8
1586364549.873194, 8
1586364549.889855, 6
1586364549.904342, 3
1586364549.918698, 3
1586364549.933512, 2
1586364549.948130, 2
1586364549.963545, 3
1586364549.977269, 2
1586364549.993137, 4
1586364550.009474, 3
1586364550.027064, 4
1586364550.041660, 5
1586364550.058373, 4
1586364550.072827, 4
1586364550.088507, 3
1586364550.102190, 5
1586364550.115428, 5
1586364550.129200, 5
1586364550.146799, 6
1586364550.161766, 6
1586364550.175416, 6
1586364550.189337, 6
1586364550.203672, 6
1586364550.217398, 9
1586364550.231066, 7
1586364550.244956, 7
1586364550.259928, 8
1586364550.275711, 8
1586364550.291222, 8
1586364550.306123, 8
1586364550.320615, 9
1586364550.335705, 10
1586364550.350362, 8
1586364550.367580, 10
1586364550.386283, 8
1586364550.404641, 7
1586364550.424340, 8
1586364550.442525, 8
1586364550.460494, 8
1586364550.477635, 8
1586364550.497957, 3
1586364550.515636, 1
1586364550.534151, 3
1586364550.552822, 2
1586364550.573672, 4
1586364550.592285, 3
1586364550.611562, 3
1586364550.631778, 3
1586364550.646843, 3
1586364550.662785, 5
1586364550.677587, 6
1586364550.692222, 4
1586364550.705783, 4
1586364550.719672, 5
1586364550.734265, 7
1586364550.747863, 6
1586364550.761672, 6
1586364550.775961, 6
1586364550.790301, 7
1586364550.804134, 7
1586364550.818428, 6
1586364550.832117, 7
1586364550.848414, 6
1586364550.862080, 7
1586364550.875761, 10
1586364550.889404, 7
1586364550.902958, 8
1586364550.916897, 8
1586364550.930691, 9
1586364550.944374, 9
1586364550.958921, 8
1586364550.973764, 8
1586364550.987775, 8
1586364551.003188, 7
1586364551.019105, 2
1586364551.035146, 3
1586364551.049741, 3
1586364551.064967, 2
1586364551.080696, 3
1586364551.096438, 4
1586364551.114179, 1
1586364551.134254, 4
1586364551.153593, 4
1586364551.173398, 3
1586364551.188243, 4
1586364551.205829, 4
1586364551.221633, 4
1586364551.236248, 7
1586364551.252186, 7
1586364551.269456, 5
1586364551.284910, 4
1586364551.298519, 5
1586364551.314309, 7
1586364551.327860, 5
1586364551.342335, 7
1586364551.355990, 7
1586364551.369693, 7
1586364551.383478, 6
1586364551.397242, 7
1586364551.410736, 6
1586364551.424336, 9
1586364551.439987, 9
1586364551.453655, 8
1586364551.467400, 9
1586364551.480972, 9
1586364551.497701, 8
1586364551.512388, 6
1586364551.527065, 7
1586364551.541588, 9
1586364551.555899, 2
1586364551.570589, 2
1586364551.585156, 2
1586364551.600810, 3
1586364551.621299, 3
1586364551.636964, 3
1586364551.650658, 3
1586364551.665143, 2
1586364551.683747, 3
1586364551.697437, 4
1586364551.711025, 3
1586364551.724685, 4
1586364551.738289, 6
1586364551.753944, 5
1586364551.768234, 4
1586364551.784852, 2
1586364551.800518, 6
1586364551.815194, 6
1586364551.831383, 6
1586364551.846075, 5
1586364551.860092, 6
1586364551.874448, 5
1586364551.889634, 5
1586364551.903210, 7
1586364551.919613, 6
1586364551.934365, 7
1586364551.950512, 8
1586364551.965355, 9
1586364551.979518, 9
1586364551.993562, 8
1586364552.010523, 9
1586364552.024239, 7
1586364552.038760, 10
1586364552.053313, 9
1586364552.070730, 8
1586364552.085278, 8
1586364552.099150, 8
1586364552.112955, 9
1586364552.127794, 7
1586364552.141417, 2
1586364552.155138, 2
1586364552.168757, 3
1586364552.184278, 2
1586364552.198933, 2
1586364552.212746, 1
1586364552.228157, 4
1586364552.242853, 4
1586364552.257610, 3
1586364552.274143, 5
1586364552.288315, 2
1586364552.302548, 4
1586364552.316951, 5
1586364552.331036, 5
1586364552.344905, 4
1586364552.358769, 5
1586364552.381722, 6
1586364552.395225, 6
1586364552.409037, 5
1586364552.424102, 6
1586364552.440804, 6
1586364552.456138, 8
1586364552.470432, 7
1586364552.484621, 7
1586364552.499012, 7
1586364552.514073, 8
1586364552.528540, 6
1586364552.542434, 9
1586364552.556004, 8
1586364552.570696, 8
1586364552.585541, 9
1586364552.599715, 9
1586364552.613898, 9
1586364552.629048, 8
1586364552.642751, 10
1586364552.657730, 10
1586364552.671854, 10
1586364552.686084, 8
1586364552.701390, 9
1586364552.716231, 10
1586364552.730866, 4
1586364552.744860, 2
1586364552.760617, 1
1586364552.774186, 2
1586364552.790909, 1
1586364552.806434, 2
1586364552.820148, 1
1586364552.833793, 1
1586364552.847598, 3
1586364552.862101, 1
1586364552.876256, 2
1586364552.892330, 2
1586364552.906353, 1
1586364552.920730, 3
1586364552.935912, 2
1586364552.950150, 2
1586364552.963869, 2
1586364552.978541, 3
1586364552.992158, 1
1586364553.006108, 3
1586364553.019787, 1
1586364553.033439, 3
1586364553.047029, 3
1586364553.059930, 4
1586364553.074077, 4
1586364553.090358, 4
1586364553.104541, 4
1586364553.119127, 4
1586364553.133131, 4
1586364553.147002, 4
1586364553.161729, 6
1586364553.175512, 5
1586364553.189217, 5
1586364553.203700, 5
1586364553.218551, 6
1586364553.232922, 6
1586364553.247554, 7
1586364553.261276, 7
1586364553.276011, 8
1586364553.290697, 7
1586364553.304535, 6
1586364553.319006, 7
1586364553.333160, 8
1586364553.347289, 7
1586364553.360790, 8
1586364553.374408, 9
1586364553.387626, 8
1586364553.401798, 9
1586364553.415943, 8
1586364553.429648, 10
1586364553.443467, 8
1586364553.457201, 10
1586364553.471001, 9
1586364553.484399, 9
1586364553.498321, 9
1586364553.512703, 9
1586364553.526586, 9
1586364553.541226, 9
1586364553.555113, 4
1586364553.568251, 2
1586364553.581558, 3
1586364553.595343, 2
1586364553.609218, 2
1586364553.623887, 3
1586364553.637428, 4
1586364553.651013, 2
1586364553.664689, 5
1586364553.678720, 5
1586364553.692644, 3
1586364553.706369, 3
1586364553.721001, 5
1586364553.734701, 5
1586364553.748925, 5
1586364553.763943, 6
1586364553.778666, 6
1586364553.792255, 5
1586364553.805895, 6
1586364553.821426, 6
1586364553.835788, 7
1586364553.851650, 6
1586364553.865615, 8
1586364553.879548, 7
1586364553.894026, 7
1586364553.908727, 7
1586364553.923356, 8
1586364553.938664, 9
1586364553.952612, 9
1586364553.966439, 10
1586364553.981907, 9
1586364553.996546, 8
1586364554.010160, 9
1586364554.024019, 8
1586364554.037526, 7
1586364554.052626, 3
1586364554.067031, 5
1586364554.081283, 1
1586364554.096215, 4
1586364554.110957, 3
1586364554.124755, 3
1586364554.138773, 2
1586364554.152846, 2
1586364554.166756, 3
1586364554.181176, 4
1586364554.195349, 4
1586364554.209227, 5
1586364554.223085, 6
1586364554.236466, 5
1586364554.252447, 6
1586364554.267055, 5
1586364554.280888, 7
1586364554.294768, 5
1586364554.308601, 5
1586364554.322336, 6
1586364554.337807, 6
1586364554.352782, 7
1586364554.367141, 7
1586364554.380868, 8
1586364554.395042, 7
1586364554.408625, 7
1586364554.424559, 8
1586364554.438501, 7
1586364554.452712, 7
1586364554.467148, 8
1586364554.480763, 9
1586364554.494817, 8
1586364554.509134, 7
1586364554.523257, 8
1586364554.537364, 8
1586364554.551211, 5
1586364554.565908, 2
1586364554.579338, 4
1586364554.593542, 2
1586364554.607027, 2
1586364554.621126, 2
1586364554.635242, 2
1586364554.649389, 2
1586364554.663293, 3
1586364554.678379, 3
1586364554.695427, 3
1586364554.708912, 3
1586364554.722573, 4
1586364554.737102, 4
1586364554.752676, 4
1586364554.767305, 4
1586364554.781563, 6
1586364554.795330, 5
1586364554.808822, 5
1586364554.823124, 6
1586364554.837475, 6
1586364554.851589, 6
1586364554.865079, 7
1586364554.879377, 8
1586364554.893210, 5
1586364554.907384, 7
1586364554.921449, 8
1586364554.937123, 7
1586364554.951015, 8
1586364554.966827, 8
1586364554.980551, 8
1586364554.994934, 9
1586364555.008784, 9
1586364555.022938, 9
1586364555.036916, 10
1586364555.050956, 10
1586364555.064910, 8
1586364555.078333, 9
1586364555.092009, 9
1586364555.108070, 9
1586364555.122188, 9
1586364555.136072, 10
1586364555.150697, 9
1586364555.164704, 8
1586364555.179367, 3
1586364555.192971, 2
1586364555.207903, 3
1586364555.222059, 2
1586364555.235832, 3
1586364555.250746, 2
1586364555.265334, 3
1586364555.278969, 5
1586364555.293620, 3
1586364555.307372, 4
1586364555.323916, 5
1586364555.339933, 5
1586364555.354142, 4
1586364555.369135, 5
1586364555.383656, 6
1586364555.398611, 6
1586364555.413287, 6
1586364555.427174, 5
1586364555.440726, 6
1586364555.454424, 8
1586364555.468285, 7
1586364555.483702, 7
1586364555.498106, 7
1586364555.511679, 6
1586364555.525923, 7
1586364555.540075, 7
1586364555.554256, 8
1586364555.567893, 7
1586364555.581524, 8
1586364555.595548, 10
1586364555.609919, 9
1586364555.624039, 8
1586364555.637846, 7
1586364555.651901, 8
1586364555.665979, 7
1586364555.681109, 3
1586364555.695757, 2
1586364555.709933, 3
1586364555.723448, 1
1586364555.737743, 4
1586364555.751799, 3
1586364555.767197, 2
1586364555.781843, 4
1586364555.795927, 3
1586364555.811251, 4
1586364555.825236, 3
1586364555.841641, 5
1586364555.855385, 4
1586364555.870285, 5
1586364555.886334, 3
1586364555.900228, 6
1586364555.916657, 4
1586364555.930314, 4
1586364555.944183, 4
1586364555.957945, 7
1586364555.975201, 5
1586364555.990215, 7
1586364556.042980, 7
1586364556.062211, 7
1586364556.082823, 8
1586364556.097759, 9
1586364556.113455, 8
1586364556.127462, 7
1586364556.144776, 8
1586364556.165288, 8
1586364556.192796, 8
1586364556.215080, 7
1586364556.236854, 7
1586364556.257820, 1
1586364556.278774, 2
1586364556.300640, 2
1586364556.324502, 3
1586364556.345258, 3
1586364556.365519, 3
1586364556.387383, 4
1586364556.409528, 3
1586364556.431318, 4
1586364556.454432, 4
1586364556.477551, 5
1586364556.500287, 6
1586364556.519245, 6
1586364556.537315, 7
1586364556.554750, 6
1586364556.571830, 6
1586364556.586374, 7
1586364556.601114, 7
1586364556.615733, 8
1586364556.630569, 7
1586364556.645235, 8
1586364556.659632, 8
1586364556.674251, 9
1586364556.688958, 8
1586364556.703599, 10
1586364556.719169, 9
1586364556.733850, 7
1586364556.748042, 9
1586364556.761385, 9
1586364556.776089, 2
1586364556.790107, 4
1586364556.804032, 2
1586364556.817706, 2
1586364556.832023, 3
1586364556.845867, 2
1586364556.860263, 2
1586364556.874458, 3
1586364556.887987, 3
1586364556.901762, 4
1586364556.915791, 3
1586364556.929946, 4
1586364556.943977, 4
1586364556.958943, 4
1586364556.972702, 4
1586364556.987566, 5
1586364557.001318, 4
1586364557.015909, 6
1586364557.029439, 6
1586364557.043348, 7
1586364557.056887, 6
1586364557.071752, 6
1586364557.085600, 5
1586364557.099318, 7
1586364557.113930, 7
1586364557.127491, 8
1586364557.141905, 9
1586364557.156062, 8
1586364557.169629, 9
1586364557.184289, 9
1586364557.198066, 9
1586364557.211851, 9
1586364557.225867, 9
1586364557.239900, 7
1586364557.254059, 8
1586364557.267851, 8
1586364557.281853, 3
1586364557.295754, 3
1586364557.309209, 4
1586364557.324087, 2
1586364557.338014, 2
1586364557.351792, 3
1586364557.366752, 2
1586364557.381840, 4
1586364557.395862, 3
1586364557.410500, 3
1586364557.423948, 4
1586364557.438078, 5
1586364557.451725, 4
1586364557.465598, 3
1586364557.480405, 3
1586364557.495412, 5
1586364557.508928, 4
1586364557.522496, 7
1586364557.536396, 5
1586364557.551325, 7
1586364557.566467, 6
1586364557.580718, 6
1586364557.594173, 7
1586364557.612617, 6
1586364557.627092, 6
1586364557.640865, 7
1586364557.655001, 8
1586364557.669437, 8
1586364557.683693, 8
1586364557.697803, 8
1586364557.711934, 9
1586364557.726667, 10
1586364557.741330, 9
1586364557.756339, 8
1586364557.769631, 9
1586364557.783814, 9
1586364557.798010, 7
1586364557.811683, 9
1586364557.827765, 9
1586364557.843338, 8
1586364557.857944, 9
1586364557.871894, 9
1586364557.886041, 8
1586364557.901257, 2
1586364557.914811, 2
1586364557.928549, 2
1586364557.943724, 3
1586364557.958012, 3
1586364557.972470, 4
1586364557.986261, 3
1586364557.999904, 4
1586364558.013678, 4
1586364558.027584, 6
1586364558.041858, 4
1586364558.055906, 6
1586364558.069500, 4
1586364558.083878, 6
1586364558.097819, 6
1586364558.112029, 7
1586364558.126100, 6
1586364558.141173, 6
1586364558.168404, 7
1586364558.181982, 5
1586364558.195926, 6
1586364558.211333, 6
1586364558.224856, 7
1586364558.239178, 6
1586364558.255738, 8
1586364558.269576, 9
1586364558.284538, 8
1586364558.299815, 8
1586364558.313743, 8
1586364558.327236, 10
1586364558.342462, 10
1586364558.355960, 10
1586364558.369393, 8
1586364558.383696, 8
1586364558.397914, 8
1586364558.411579, 8
1586364558.425726, 9
1586364558.440034, 2
1586364558.453729, 3
1586364558.468021, 3
1586364558.481701, 2
1586364558.495499, 3
1586364558.511645, 4
1586364558.527091, 4
1586364558.540771, 3
1586364558.555400, 3
1586364558.569085, 4
1586364558.583169, 4
1586364558.597993, 6
1586364558.613247, 4
1586364558.627042, 4
1586364558.640857, 4
1586364558.655660, 5
1586364558.669186, 4
1586364558.683127, 6
1586364558.696799, 4
1586364558.711735, 7
1586364558.726355, 6
1586364558.740357, 8
1586364558.754489, 7
1586364558.768446, 7
1586364558.782391, 7
1586364558.797108, 8
1586364558.811019, 8
1586364558.825540, 8
1586364558.840028, 9
1586364558.854007, 8
1586364558.867872, 9
1586364558.882984, 9
1586364558.897815, 9
1586364558.911397, 7
1586364558.925231, 10
1586364558.939888, 9
1586364558.954165, 8
1586364558.968877, 10
1586364558.987660, 8
1586364559.002999, 3
1586364559.021153, 2
1586364559.035514, 2
1586364559.049404, 2
1586364559.064161, 3
1586364559.078300, 3
1586364559.092744, 2
1586364559.106674, 4
1586364559.121311, 2
1586364559.136391, 5
1586364559.150253, 3
1586364559.164317, 4
1586364559.180106, 4
1586364559.195142, 4
1586364559.208922, 5
1586364559.224410, 5
1586364559.239351, 6
1586364559.253171, 4
1586364559.268717, 6
1586364559.282605, 5
1586364559.296302, 6
1586364559.311366, 7
1586364559.326712, 6
1586364559.341447, 7
1586364559.358234, 7
1586364559.372379, 7
1586364559.387200, 8
1586364559.401219, 8
1586364559.414598, 7
1586364559.428099, 8
1586364559.442307, 10
1586364559.459334, 7
1586364559.473308, 7
1586364559.487985, 9
1586364559.502545, 8
1586364559.516823, 4
1586364559.531249, 4
1586364559.544591, 1
1586364559.558381, 2
1586364559.572618, 3
1586364559.586970, 3
1586364559.602465, 4
1586364559.615710, 2
1586364559.629608, 2
1586364559.643377, 4
1586364559.657627, 3
1586364559.671475, 3
1586364559.685766, 4
1586364559.700045, 5
1586364559.715854, 3
1586364559.730485, 4
1586364559.745104, 7
1586364559.758738, 4
1586364559.773903, 6
1586364559.787658, 6
1586364559.801680, 5
1586364559.815508, 6
1586364559.829534, 6
1586364559.843374, 7
1586364559.857749, 7
1586364559.871254, 7
1586364559.885170, 7
1586364559.899773, 8
1586364559.914093, 8
1586364559.930028, 8
1586364559.944727, 9
1586364559.958258, 9
1586364559.973001, 8
1586364559.987211, 8
1586364560.003056, 9
1586364560.022315, 9
1586364560.037972, 10
1586364560.052095, 9
1586364560.065705, 7
1586364560.079411, 8
1586364560.093562, 8
1586364560.107719, 7
1586364560.121859, 2
1586364560.135926, 4
1586364560.152569, 3
1586364560.166717, 2
1586364560.181385, 3
1586364560.195501, 2
1586364560.210130, 3
1586364560.223786, 2
1586364560.238392, 4
1586364560.253041, 4
1586364560.266696, 4
1586364560.280410, 4
1586364560.294063, 4
1586364560.307736, 5
1586364560.321401, 5
1586364560.335210, 5
1586364560.349670, 6
1586364560.363333, 6
1586364560.377245, 6
1586364560.391728, 6
1586364560.405311, 6
1586364560.419099, 6
1586364560.432579, 7
1586364560.446241, 7
1586364560.459987, 7
1586364560.475641, 7
1586364560.489213, 7
1586364560.503130, 7
1586364560.518469, 9
1586364560.532280, 8
1586364560.546014, 8
1586364560.559629, 9
1586364560.573164, 10
1586364560.586854, 9
1586364560.600637, 8
1586364560.615162, 9
1586364560.628872, 10
1586364560.642688, 9
1586364560.656241, 9
1586364560.670229, 9
1586364560.684670, 9
1586364560.699182, 6
1586364560.713787, 4
1586364560.728395, 3
1586364560.742717, 3
1586364560.756659, 2
1586364560.770961, 2
1586364560.785912, 3
1586364560.800380, 4
1586364560.816237, 3
1586364560.831107, 4
1586364560.844806, 6
1586364560.858993, 6
1586364560.872812, 5
1586364560.887448, 6
1586364560.902080, 5
1586364560.916830, 6
1586364560.932401, 5
1586364560.946831, 8
1586364560.960676, 7
1586364560.974312, 6
1586364560.988384, 7
1586364561.003144, 7
1586364561.016886, 8
1586364561.031954, 7
1586364561.047028, 8
1586364561.061132, 10
1586364561.075529, 9
1586364561.089563, 7
1586364561.104103, 9
1586364561.118721, 9
1586364561.133437, 10
1586364561.147335, 9
1586364561.161684, 9
1586364561.175366, 8
1586364561.189322, 8
1586364561.204211, 9
1586364561.218327, 8
1586364561.231987, 3
1586364561.246623, 5
1586364561.260257, 3
1586364561.273998, 3
1586364561.289597, 3
1586364561.306239, 3
1586364561.319807, 3
1586364561.333466, 3
1586364561.348114, 4
1586364561.361801, 4
1586364561.375485, 3
1586364561.390083, 5
1586364561.405699, 5
1586364561.419458, 4
1586364561.433009, 5
1586364561.447745, 6
1586364561.461353, 5
1586364561.475029, 6
1586364561.488675, 6
1586364561.502997, 7
1586364561.517025, 6
1586364561.531622, 7
1586364561.546275, 7
1586364561.560075, 9
1586364561.574397, 8
1586364561.589053, 7
1586364561.602700, 7
1586364561.616345, 8
1586364561.630018, 8
1586364561.643747, 7
1586364561.657372, 10
1586364561.671073, 8
1586364561.684667, 9
1586364561.698426, 9
1586364561.712128, 8
1586364561.726650, 8
1586364561.740352, 2
1586364561.754011, 2
1586364561.767668, 3
1586364561.781439, 1
1586364561.795088, 2
1586364561.809727, 2
1586364561.824275, 2
1586364561.838060, 4
1586364561.851587, 3
1586364561.865382, 4
1586364561.879132, 3
1586364561.893687, 4
1586364561.907336, 4
1586364561.921975, 5
1586364561.936651, 4
1586364561.950395, 7
1586364561.964157, 6
1586364561.978032, 6
1586364561.991636, 5
1586364562.005619, 6
1586364562.020183, 6
1586364562.034852, 6
1586364562.053334, 8
1586364562.071208, 6
1586364562.095661, 4
1586364562.116374, 6
1586364562.148946, 9
1586364562.166989, 7
1586364562.185031, 9
1586364562.204657, 8
1586364562.223765, 7
1586364562.242228, 8
1586364562.255947, 9
1586364562.270614, 9
1586364562.285278, 8
1586364562.301018, 7
1586364562.315315, 8
1586364562.330847, 1
1586364562.344563, 3
1586364562.358828, 3
1586364562.373265, 2
1586364562.387222, 3
1586364562.405671, 3
1586364562.425161, 3
1586364562.441859, 3
1586364562.464542, 5
1586364562.480409, 3
1586364562.495800, 4
1586364562.511023, 4
1586364562.525852, 4
1586364562.540181, 6
1586364562.555169, 6
1586364562.570626, 6
1586364562.586106, 6
1586364562.600243, 6
1586364562.615882, 6
1586364562.631140, 6
1586364562.646066, 7
1586364562.660696, 9
1586364562.675966, 7
1586364562.690775, 8
1586364562.706657, 9
1586364562.722036, 8
1586364562.737839, 8
1586364562.752468, 8
1586364562.767767, 10
1586364562.783759, 8
1586364562.799173, 7
1586364562.814792, 9
1586364562.830691, 7
1586364562.846257, 2
1586364562.862653, 3
1586364562.878185, 2
1586364562.892689, 2
1586364562.907548, 3
1586364562.922760, 2
1586364562.938018, 4
1586364562.957861, 4
1586364562.972498, 3
1586364562.992520, 4
1586364563.008215, 4
1586364563.021912, 4
1586364563.035699, 4
1586364563.050525, 5
1586364563.064799, 6
1586364563.079175, 4
1586364563.092725, 7
1586364563.106415, 5
1586364563.120599, 4
1586364563.134737, 6
1586364563.148446, 8
1586364563.162926, 8
1586364563.177263, 7
1586364563.191348, 7
1586364563.204935, 8
1586364563.219014, 8
1586364563.234423, 7
1586364563.248210, 8
1586364563.262403, 8
1586364563.276365, 10
1586364563.290489, 8
1586364563.304782, 9
1586364563.318339, 9
1586364563.333079, 9
1586364563.348413, 9
1586364563.362294, 10
1586364563.376979, 9
1586364563.391528, 10
1586364563.406957, 9
1586364563.421056, 10
1586364563.435037, 6
1586364563.448961, 2
1586364563.463515, 3
1586364563.477143, 2
1586364563.490802, 4
1586364563.505450, 2
1586364563.520564, 3
1586364563.534484, 3
1586364563.549595, 4
1586364563.563368, 4
1586364563.578923, 4
1586364563.593552, 5
1586364563.608240, 5
1586364563.622198, 4
1586364563.636448, 4
1586364563.650084, 7
1586364563.664328, 5
1586364563.678948, 5
1586364563.694663, 7
1586364563.709186, 8
1586364563.724120, 6
1586364563.739443, 6
1586364563.753567, 7
1586364563.767260, 8
1586364563.783157, 9
1586364563.797181, 8
1586364563.812739, 8
1586364563.826462, 7
1586364563.840074, 7
1586364563.853636, 8
1586364563.867324, 10
1586364563.881913, 9
1586364563.896514, 7
1586364563.910233, 9
1586364563.923893, 8
1586364563.938543, 5
1586364563.952201, 2
1586364563.966879, 2
1586364563.981451, 3
1586364563.996183, 3
1586364564.010730, 2
1586364564.024429, 3
1586364564.038101, 3
1586364564.052636, 4
1586364564.066417, 2
1586364564.080971, 2
1586364564.094858, 4
1586364564.108381, 3
1586364564.123026, 4
1586364564.137590, 4
1586364564.151381, 6
1586364564.165927, 5
1586364564.180539, 6
1586364564.194229, 4
1586364564.208855, 6
1586364564.222600, 6
1586364564.237142, 6
1586364564.250925, 6
1586364564.264636, 8
1586364564.278172, 8
1586364564.292902, 7
1586364564.306511, 9
1586364564.321030, 8
1586364564.334890, 8
1586364564.348651, 8
1586364564.363034, 8
1586364564.376715, 10
1586364564.390762, 9
1586364564.404993, 8
1586364564.418526, 9
1586364564.432944, 9
1586364564.446640, 2
1586364564.460831, 2
1586364564.474844, 3
1586364564.489208, 3
1586364564.504960, 3
1586364564.519989, 4
1586364564.534182, 3
1586364564.547857, 4
1586364564.566109, 2
1586364564.585442, 3
1586364564.604890, 4
1586364564.623230, 5
1586364564.641411, 4
1586364564.658625, 6
1586364564.677833, 6
1586364564.697619, 5
1586364564.717559, 7
1586364564.737706, 5
1586364564.757190, 7
1586364564.776685, 8
1586364564.797126, 8
1586364564.817020, 8
1586364564.836189, 7
1586364564.855281, 8
1586364564.874372, 8
1586364564.893898, 9
1586364564.913295, 7
1586364564.932828, 9
1586364564.951968, 7
1586364564.970884, 3
1586364564.990395, 2
1586364565.009661, 2
1586364565.030536, 3
1586364565.051545, 3
1586364565.071355, 3
1586364565.090622, 3
1586364565.110110, 5
1586364565.129237, 3
1586364565.148756, 5
1586364565.166785, 5
1586364565.187087, 6
1586364565.207078, 5
1586364565.225993, 7
1586364565.244988, 5
1586364565.264330, 6
1586364565.284678, 8
1586364565.307124, 8
1586364565.326229, 7
1586364565.379366, 9
1586364565.400010, 6
1586364565.419703, 7
1586364565.440014, 8
1586364565.460303, 8
1586364565.482117, 9
1586364565.502581, 9
1586364565.522089, 9
1586364565.544002, 10
1586364565.563522, 9
1586364565.584079, 9
1586364565.604800, 5
1586364565.624088, 3
1586364565.643261, 2
1586364565.663822, 3
1586364565.683436, 2
1586364565.705532, 3
1586364565.723981, 3
1586364565.744024, 4
1586364565.764794, 4
1586364565.788337, 5
1586364565.807797, 6
1586364565.827630, 6
1586364565.848871, 5
1586364565.867545, 6
1586364565.886200, 4
1586364565.905714, 6
1586364565.925523, 8
1586364565.945894, 7
1586364565.965057, 8
1586364565.981875, 8
1586364565.997449, 9
1586364566.013264, 8
1586364566.028751, 9
1586364566.044251, 9
1586364566.059991, 7
1586364566.075104, 9
1586364566.090916, 9
1586364566.107550, 10
1586364566.122139, 9
1586364566.135863, 6
1586364566.149578, 9
1586364566.163612, 8
1586364566.177410, 3
1586364566.190917, 3
1586364566.204673, 2
1586364566.218906, 3
1586364566.235697, 3
1586364566.249354, 2
1586364566.263098, 2
1586364566.277331, 4
1586364566.292573, 4
1586364566.307173, 4
1586364566.321741, 5
1586364566.335259, 4
1586364566.348480, 6
1586364566.362829, 5
1586364566.376562, 5
1586364566.391206, 5
1586364566.404981, 6
1586364566.421180, 7
1586364566.434705, 5
1586364566.451530, 7
1586364566.465157, 7
1586364566.479221, 6
1586364566.493783, 7
1586364566.508870, 6
1586364566.523724, 9
1586364566.538156, 6
1586364566.552484, 7
1586364566.566257, 7
1586364566.579842, 8
1586364566.594070, 8
1586364566.609059, 8
1586364566.623935, 8
1586364566.637924, 8
1586364566.651716, 8
1586364566.665104, 8
1586364566.679105, 8
1586364566.693414, 3
1586364566.707658, 3
1586364566.721621, 3
1586364566.735641, 2
1586364566.751661, 3
1586364566.765656, 2
1586364566.779954, 3
1586364566.793989, 2
1586364566.809040, 2
1586364566.823207, 4
1586364566.844404, 5
1586364566.864986, 5
1586364566.886558, 4
1586364566.905935, 5
1586364566.926140, 5
1586364566.945677, 5
1586364566.966700, 6
1586364566.986905, 6
1586364567.006349, 6
1586364567.028346, 6
1586364567.049388, 7
1586364567.071849, 7
1586364567.091884, 9
1586364567.113724, 9
1586364567.134869, 7
1586364567.155477, 9
1586364567.175711, 9
1586364567.196061, 9
1586364567.216324, 9
1586364567.235906, 8
1586364567.256666, 8
1586364567.276213, 8
1586364567.296816, 3
1586364567.317882, 5
1586364567.338287, 2
1586364567.359373, 2
1586364567.380238, 3
1586364567.400879, 3
1586364567.421422, 5
1586364567.436158, 5
1586364567.450764, 4
1586364567.467631, 4
1586364567.481494, 4
1586364567.494840, 3
1586364567.508528, 6
1586364567.522235, 5
1586364567.535682, 5
1586364567.550793, 6
1586364567.566573, 7
1586364567.583237, 5
1586364567.603942, 6
1586364567.625532, 8
1586364567.646234, 7
1586364567.670669, 8
1586364567.691504, 8
1586364567.711634, 8
1586364567.731449, 10
1586364567.751450, 8
1586364567.770962, 10
1586364567.792291, 8
1586364567.813095, 9
1586364567.833413, 7
1586364567.854684, 8
1586364567.870735, 8
1586364567.885904, 9
1586364567.899569, 3
1586364567.914288, 2
1586364567.927875, 3
1586364567.942548, 3
1586364567.956197, 4
1586364567.971008, 3
1586364567.984476, 3
1586364567.998206, 3
1586364568.011982, 4
1586364568.025550, 4
1586364568.040256, 5
1586364568.054815, 4
1586364568.069446, 6
1586364568.084112, 4
1586364568.098790, 5
1586364568.112370, 7
1586364568.126258, 6
1586364568.140712, 7
1586364568.154329, 7
1586364568.167983, 7
1586364568.181584, 7
1586364568.196531, 6
1586364568.210109, 7
1586364568.223823, 7
1586364568.237727, 8
1586364568.252273, 8
1586364568.266785, 8
1586364568.281540, 8
1586364568.296184, 8
1586364568.310725, 9
1586364568.324106, 10
1586364568.341921, 10
1586364568.359799, 10
1586364568.378142, 9
1586364568.395883, 10
1586364568.414296, 9
1586364568.428893, 8
1586364568.443554, 9
1586364568.457166, 8
1586364568.471957, 3
1586364568.485558, 5
1586364568.501707, 4
1586364568.516344, 2
1586364568.530818, 2
1586364568.546900, 2
1586364568.561663, 3
1586364568.575407, 3
1586364568.588904, 3
1586364568.603794, 3
1586364568.617904, 3
1586364568.631608, 5
1586364568.645893, 6
1586364568.659746, 4
1586364568.673978, 4
1586364568.687951, 6
1586364568.702179, 6
1586364568.715725, 5
1586364568.729782, 7
1586364568.743880, 7
1586364568.758073, 6
1586364568.771840, 6
1586364568.785828, 7
1586364568.800008, 8
1586364568.813963, 7
1586364568.827794, 7
1586364568.841643, 10
1586364568.855960, 8
1586364568.869969, 7
1586364568.883770, 9
1586364568.899039, 8
1586364568.913020, 9
1586364568.927064, 9
1586364568.941286, 10
1586364568.955895, 10
1586364568.969850, 8
1586364568.983611, 8
1586364568.997377, 9
1586364569.011439, 5
1586364569.025340, 2
1586364569.039949, 3
1586364569.053622, 1
1586364569.067972, 3
1586364569.082061, 2
1586364569.095569, 3
1586364569.113946, 3
1586364569.129133, 3
1586364569.143986, 5
1586364569.158500, 3
1586364569.172146, 4
1586364569.185678, 3
1586364569.201296, 5
1586364569.215769, 3
1586364569.229737, 5
1586364569.245355, 7
1586364569.259955, 6
1586364569.273973, 6
1586364569.291891, 7
1586364569.306254, 6
1586364569.320412, 7
1586364569.338334, 7
1586364569.355509, 8
1586364569.374520, 6
1586364569.396600, 9
1586364569.417507, 7
1586364569.437469, 8
1586364569.459718, 9
1586364569.480293, 8
1586364569.500445, 9
1586364569.519997, 8
1586364569.539573, 10
1586364569.561682, 9
1586364569.582630, 9
1586364569.604382, 9
1586364569.626541, 3
1586364569.647726, 2
1586364569.667539, 3
1586364569.688972, 2
1586364569.708802, 4
1586364569.728638, 3
1586364569.748026, 4
1586364569.767978, 3
1586364569.791607, 5
1586364569.812937, 5
1586364569.834181, 3
1586364569.848483, 7
1586364569.863039, 5
1586364569.879073, 6
1586364569.892696, 6
1586364569.906127, 6
1586364569.920826, 6
1586364569.935560, 6
1586364569.949812, 9
1586364569.964362, 8
1586364569.979169, 7
1586364569.993418, 8
1586364570.008948, 7
1586364570.022610, 9
1586364570.036540, 9
1586364570.050759, 9
1586364570.065254, 7
1586364570.079825, 9
1586364570.094041, 9
1586364570.119290, 8
1586364570.151167, 9
1586364570.173308, 10
1586364570.194282, 9
1586364570.214610, 10
1586364570.236212, 2
1586364570.255896, 3
1586364570.278165, 3
1586364570.299236, 3
1586364570.320556, 3
1586364570.340518, 3
1586364570.360278, 5
1586364570.380941, 4
1586364570.401487, 4
1586364570.422091, 5
1586364570.442815, 4
1586364570.463205, 6
1586364570.485159, 5
1586364570.504998, 6
1586364570.524513, 5
1586364570.540020, 6
1586364570.555933, 6
1586364570.571724, 8
1586364570.588112, 7
1586364570.605145, 8
1586364570.621801, 7
1586364570.638197, 8
1586364570.654647, 7
1586364570.670546, 10
1586364570.688286, 8
1586364570.705554, 8
1586364570.721663, 8
1586364570.738690, 9
1586364570.755459, 3
1586364570.772273, 3
1586364570.789780, 3
1586364570.806946, 3
1586364570.824055, 2
1586364570.841481, 2
1586364570.859078, 3
1586364570.875721, 5
1586364570.891918, 3
1586364570.908242, 4
1586364570.923978, 5
1586364570.939892, 6
1586364570.956411, 4
1586364570.972638, 6
1586364570.988867, 6
1586364571.005690, 6
1586364571.022171, 6
1586364571.038429, 7
1586364571.054392, 7
1586364571.070330, 8
1586364571.087472, 7
1586364571.105320, 7
1586364571.121942, 7
1586364571.138435, 8
1586364571.154982, 8
1586364571.174487, 8
1586364571.191389, 7
1586364571.208611, 8
1586364571.225225, 8
1586364571.242764, 8
1586364571.258723, 3
1586364571.275276, 4
1586364571.291785, 2
1586364571.308534, 1
1586364571.324762, 3
1586364571.341584, 2
1586364571.359214, 2
1586364571.375885, 4
1586364571.392331, 4
1586364571.408194, 4
1586364571.424496, 3
1586364571.443174, 5
1586364571.981528, 7
1586364572.001234, 5
1586364572.022809, 7
1586364572.044177, 5
1586364572.065645, 5
1586364572.086227, 7
1586364572.106155, 7
1586364572.128617, 7
1586364572.151852, 7
1586364572.173595, 7
1586364572.195624, 9
1586364572.216730, 6
1586364572.237235, 8
1586364572.257057, 8
1586364572.278861, 9
1586364572.299178, 9
1586364572.321712, 9
1586364572.343119, 10
1586364572.363995, 9
1586364572.384004, 10
1586364572.403975, 9
1586364572.423346, 2
1586364572.443643, 3
1586364572.464230, 3
1586364572.486562, 3
1586364572.508858, 3
1586364572.530082, 4
1586364572.550739, 5
1586364572.570215, 5
1586364572.593454, 6
1586364572.618667, 6
1586364572.634360, 7
1586364572.649446, 7
1586364572.663305, 6
1586364572.676834, 7
1586364572.691286, 6
1586364572.706867, 7
1586364572.721191, 6
1586364572.735771, 7
1586364572.750485, 6
1586364572.765344, 8
1586364572.779692, 7
1586364572.796574, 7
1586364572.812010, 8
1586364572.827571, 8
1586364572.842008, 8
1586364572.856833, 9
1586364572.870517, 9
1586364572.884166, 10
1586364572.903806, 9
1586364572.917654, 8
1586364572.931211, 8
1586364572.945914, 6
1586364572.960125, 7
1586364572.973768, 5
1586364572.988140, 3
1586364573.002734, 3
1586364573.017126, 3
1586364573.031099, 1
1586364573.047737, 2
1586364573.066717, 3
1586364573.085076, 3
1586364573.104420, 4
1586364573.123207, 4
1586364573.142611, 4
1586364573.161320, 5
1586364573.179953, 4
1586364573.199229, 6
1586364573.218652, 6
1586364573.237990, 6
1586364573.257952, 5
1586364573.277674, 5
1586364573.297071, 6
1586364573.317207, 7
1586364573.337011, 8
1586364573.357005, 8
1586364573.377016, 8
1586364573.396678, 8
1586364573.415569, 9
1586364573.436334, 8
1586364573.456265, 8
1586364573.476517, 8
1586364573.496316, 2
1586364573.603207, 3
1586364573.624975, 2
1586364573.644417, 3
1586364573.660198, 3
1586364573.676069, 2
1586364573.691622, 3
1586364573.706687, 4
1586364573.722080, 4
1586364573.738250, 4
1586364573.754801, 5
1586364573.771431, 5
1586364573.788977, 5
1586364573.805664, 5
1586364573.823172, 5
1586364573.839902, 5
1586364573.856278, 6
1586364573.872866, 6
1586364573.889734, 6
1586364573.906123, 7
1586364573.923320, 7
1586364573.939528, 8
1586364573.955933, 8
1586364573.971819, 8
1586364573.987596, 7
1586364574.003799, 9
1586364574.020534, 9
1586364574.036801, 8
1586364574.052740, 7
1586364574.069082, 8
1586364574.085844, 6
1586364574.103127, 2
1586364574.119663, 2
1586364574.135459, 3
1586364574.152393, 2
1586364574.170859, 3
1586364574.190093, 3
1586364574.206774, 2
1586364574.223673, 4
1586364574.243888, 4
1586364574.258007, 4
1586364574.272947, 3
1586364574.287577, 5
1586364574.303029, 4
1586364574.318024, 5
1586364574.332865, 5
1586364574.347081, 5
1586364574.362598, 7
1586364574.384206, 6
1586364574.399122, 6
1586364574.413668, 6
1586364574.427699, 8
1586364574.441557, 7
1586364574.455262, 7
1586364574.469655, 8
1586364574.483831, 9
1586364574.500119, 8
1586364574.514137, 9
1586364574.528283, 9
1586364574.542664, 9
1586364574.559247, 9
1586364574.573391, 7
1586364574.587201, 9
1586364574.601816, 8
1586364574.616324, 9
1586364574.632615, 7
1586364574.648109, 3
1586364574.665934, 2
1586364574.680351, 3
1586364575.201025, 6
1586364575.220766, 2
1586364575.241476, 3
1586364575.261760, 3
1586364575.285451, 4
1586364575.308623, 3
1586364575.329137, 5
1586364575.351658, 5
1586364575.372798, 6
1586364575.389380, 5
1586364575.406857, 7
1586364575.422837, 4
1586364575.441198, 7
1586364575.457616, 7
1586364575.473856, 6
1586364575.491907, 6
1586364575.507433, 8
1586364575.524421, 9
1586364575.541008, 8
1586364575.557594, 6
1586364575.574067, 9
1586364575.590917, 8
1586364575.608623, 10
1586364575.626893, 10
1586364575.643689, 8
1586364575.660248, 8
1586364575.676603, 8
1586364575.694727, 3
1586364575.711530, 3
1586364575.727582, 2
1586364575.744061, 3
1586364575.760843, 4
1586364575.779921, 4
1586364575.797431, 2
1586364575.813872, 4
1586364575.831580, 4
1586364575.848067, 2
1586364575.864764, 4
1586364575.883148, 5
1586364575.899584, 4
1586364575.916096, 6
1586364575.932961, 5
1586364575.953011, 7
1586364575.970443, 6
1586364575.988223, 7
1586364576.005702, 5
1586364576.023193, 8
1586364576.042226, 7
1586364576.058866, 7
1586364576.077404, 7
1586364576.095681, 9
1586364576.114125, 8
1586364576.131044, 7
1586364576.147857, 8
1586364576.164737, 9
1586364576.182026, 8
1586364576.199835, 9
1586364576.216085, 9
1586364576.232501, 10
1586364576.249606, 9
1586364576.266238, 10
1586364576.282830, 7
1586364576.300150, 5
1586364576.317435, 3
1586364576.334289, 3
1586364576.350793, 2
1586364576.368739, 3
1586364576.386914, 2
1586364576.404674, 3
1586364576.421220, 5
1586364576.437796, 3
1586364576.454250, 4
1586364576.470807, 4
1586364576.487710, 4
1586364576.504177, 5
1586364576.521711, 6
1586364576.538271, 5
1586364576.554781, 6
1586364576.571369, 6
1586364576.587938, 7
1586364576.604283, 6
1586364576.621189, 8
1586364576.636896, 7
1586364576.653272, 7
1586364576.669788, 8
1586364576.686289, 7
1586364576.703326, 7
1586364576.720447, 9
1586364576.737118, 8
1586364576.756480, 7
1586364576.774665, 8
1586364576.793244, 9
1586364576.813223, 10
1586364576.843161, 9
1586364576.860399, 9
1586364576.879094, 10
1586364576.897065, 9
1586364576.914853, 3
1586364576.931491, 2
1586364576.948021, 2
1586364576.964473, 4
1586364576.981232, 2
1586364576.997876, 3
1586364577.014274, 4
1586364577.030372, 5
1586364577.046271, 4
1586364577.062426, 4
1586364577.078817, 6
1586364577.095536, 5
1586364577.112186, 6
1586364577.128809, 8
1586364577.145219, 5
1586364577.161990, 7
1586364577.179495, 7
1586364577.196078, 7
1586364577.213549, 6
1586364577.229935, 9
1586364577.245951, 6
1586364577.263199, 7
1586364577.279748, 9
1586364577.296436, 8
1586364577.313914, 9
1586364577.330659, 9
1586364577.347238, 9
1586364577.363606, 8
1586364577.379810, 9
1586364577.396475, 10
1586364577.412909, 10
1586364577.430956, 10
1586364577.448907, 8
1586364577.467085, 6
1586364577.485153, 4
1586364577.502953, 4
1586364577.519364, 4
1586364577.535814, 3
1586364577.554594, 3
1586364577.571939, 3
1586364577.588162, 3
1586364577.605503, 3
1586364577.623943, 3
1586364577.640714, 6
1586364577.657633, 4
1586364578.255100, 4
1586364578.270640, 4
1586364578.284389, 7
1586364578.299851, 5
1586364578.468322, 8
1586364578.490454, 5
1586364578.513595, 7
1586364578.531772, 8
1586364578.547755, 6
1586364578.561426, 6
1586364578.575233, 8
1586364578.590677, 9
1586364578.604403, 7
1586364578.618089, 8
1586364578.633682, 7
1586364578.649345, 9
1586364578.663970, 8
1586364578.680507, 9
1586364578.695156, 10
1586364578.709819, 8
1586364578.723542, 10
1586364578.737158, 8
1586364578.750909, 8
1586364578.764554, 7
1586364578.778106, 10
1586364578.792722, 10
1586364578.809443, 9
1586364578.824337, 9
1586364578.839048, 8
1586364578.854188, 6
1586364578.870017, 3
1586364579.265547, 3
1586364579.279136, 3
1586364579.292581, 3
1586364579.307233, 3
1586364579.321890, 4
1586364579.337616, 4
1586364579.351328, 3
1586364579.365861, 4
1586364579.380419, 5
1586364579.398080, 5
1586364579.412743, 4
1586364579.427440, 3
1586364579.441958, 4
1586364579.456643, 5
1586364579.471469, 6
1586364579.486854, 6
1586364579.502487, 6
1586364579.516145, 7
1586364579.529814, 5
1586364579.543407, 6
1586364579.559503, 7
1586364579.573197, 6
1586364579.586843, 9
1586364579.600489, 6
1586364579.614479, 7
1586364579.628894, 9
1586364579.643679, 9
1586364579.657701, 8
1586364579.672186, 9
1586364579.685879, 8
1586364579.701866, 9
1586364579.715697, 7
1586364579.729818, 6
1586364579.743350, 8
1586364579.757650, 6
1586364579.778433, 2
1586364579.797045, 2
1586364579.819464, 3
1586364579.838226, 3
1586364579.855626, 3
1586364579.872048, 2
1586364579.886580, 3
1586364579.901387, 4
1586364579.915574, 3
1586364579.931957, 6
1586364579.947080, 4
1586364579.961544, 4
1586364579.975224, 4
1586364579.990024, 5
1586364580.004534, 5
1586364580.020270, 4
1586364580.035109, 5
1586364580.051049, 5
1586364580.066678, 5
1586364580.086874, 6
1586364580.105668, 7
1586364580.124732, 7
1586364580.143822, 7
1586364580.163363, 9
1586364580.182732, 9
1586364580.203466, 8
1586364580.222730, 8
1586364580.241630, 8
1586364580.261659, 9
1586364580.284126, 8
1586364580.304439, 8
1586364580.323126, 9
1586364580.343311, 5
1586364580.363653, 3
1586364580.382599, 4
1586364580.401105, 2
1586364580.420862, 3
1586364580.440487, 3
1586364580.459413, 3
1586364580.479444, 5
1586364580.498797, 4
1586364580.518314, 4
1586364580.537896, 5
1586364580.557693, 6
1586364580.576544, 5
1586364580.595980, 6
1586364580.614859, 6
1586364580.634403, 7
1586364580.654217, 8
1586364580.673685, 7
1586364580.692781, 8
1586364580.711684, 8
1586364580.731069, 7
1586364580.750313, 8
1586364580.769241, 8
1586364580.788386, 9
1586364580.806660, 7
1586364580.825663, 8
1586364580.845187, 7
1586364580.865046, 3
1586364580.884309, 3
1586364580.904625, 3
1586364580.924266, 3
1586364580.942962, 3
1586364580.962713, 3
1586364580.980991, 3
1586364581.001042, 5
1586364581.019543, 4
1586364581.038248, 5
1586364581.056506, 5
1586364581.075260, 5
1586364581.093732, 6
1586364581.113550, 6
1586364581.135169, 5
1586364581.156426, 5
1586364581.174887, 7
1586364581.194831, 8
1586364581.214341, 7
1586364581.232971, 7
1586364581.252141, 7
1586364581.267295, 8
1586364581.282679, 8
1586364581.296378, 9
1586364581.309949, 7
1586364581.323873, 9
1586364581.337512, 7
1586364581.352779, 8
1586364581.366729, 8
1586364581.380316, 1
1586364581.394011, 3
1586364581.407970, 2
1586364581.423092, 3
1586364581.437268, 3
1586364581.452014, 2
1586364581.466240, 3
1586364581.480166, 2
1586364581.494523, 4
1586364581.508307, 4
1586364581.522139, 4
1586364581.535898, 4
1586364581.550384, 4
1586364581.564736, 5
1586364581.578432, 5
1586364581.592222, 5
1586364581.605804, 6
1586364581.619554, 7
1586364581.633405, 6
1586364581.646788, 5
1586364581.660580, 6
1586364581.675027, 7
1586364581.688942, 7
1586364581.702586, 8
1586364581.716244, 8
1586364581.730020, 7
1586364581.743425, 8
1586364581.757087, 8
1586364581.770730, 7
1586364581.784339, 8
1586364581.798457, 9
1586364581.813632, 9
1586364581.827356, 8
1586364581.841360, 10
1586364581.855079, 8
1586364581.870201, 9
1586364581.883865, 10
1586364581.898036, 10
1586364581.911600, 9
1586364581.925087, 6
1586364581.938764, 9
1586364581.952166, 8
1586364581.965895, 1
1586364581.979512, 2
1586364581.993216, 3
1586364582.006820, 2
1586364582.021083, 3
1586364582.035613, 2
1586364582.050326, 3
1586364582.064305, 3
1586364582.079275, 3
1586364582.094476, 4
1586364582.108121, 4
1586364582.121988, 5
1586364582.140872, 5
1586364582.159629, 6
1586364582.177914, 6
1586364582.196356, 7
1586364582.215328, 6
1586364582.235549, 7
1586364582.254192, 7
1586364582.273414, 7
1586364582.289220, 7
1586364582.304746, 8
1586364582.320360, 8
1586364582.335899, 9
1586364582.354286, 8
1586364582.373074, 9
1586364582.392799, 10
1586364582.411386, 8
1586364582.429655, 9
1586364582.449134, 8
1586364582.467704, 2
1586364582.487314, 2
1586364582.506629, 1
1586364582.525149, 3
1586364582.544652, 2
1586364582.564041, 2
1586364582.582805, 3
1586364582.601576, 4
1586364582.620934, 5
1586364582.640190, 5
1586364582.659178, 4
1586364582.679102, 6
1586364582.697467, 4
1586364582.711320, 6
1586364582.725293, 7
1586364582.739799, 6
1586364582.754282, 6
1586364582.770252, 6
1586364582.787078, 6
1586364582.803039, 8
1586364582.819920, 7
1586364582.836236, 9
1586364582.851872, 8
1586364582.869372, 8
1586364582.885887, 8
1586364582.900566, 8
1586364582.920246, 9
1586364582.935787, 7
1586364582.950358, 9
1586364582.964962, 8
1586364582.979817, 5
1586364582.994199, 3
1586364583.008841, 3
1586364583.024453, 3
1586364583.039137, 1
1586364583.053882, 4
1586364583.067457, 3
1586364583.081224, 2
1586364583.094056, 3
1586364583.108016, 4
1586364583.121779, 4
1586364583.135681, 3
1586364583.149616, 3
1586364583.163822, 5
1586364583.177976, 3
1586364583.192535, 5
1586364583.207291, 4
1586364583.221016, 5
1586364583.234533, 5
1586364583.248458, 4
1586364583.262023, 4
1586364583.275528, 6
1586364583.290596, 4
1586364583.304221, 8
1586364583.318100, 6
1586364583.332690, 7
1586364583.348397, 7
1586364583.362653, 9
1586364583.386102, 8
1586364583.399607, 8
1586364583.414429, 8
1586364583.431161, 8
1586364583.444994, 7
1586364583.459603, 8
1586364583.474375, 9
1586364583.487874, 8
1586364583.502456, 9
1586364583.517207, 7
1586364583.532181, 8
1586364583.550964, 9
1586364583.572581, 8
1586364583.593242, 2
1586364583.614671, 2
1586364583.635855, 3
1586364583.656402, 3
1586364583.676347, 2
1586364583.696192, 2
1586364583.715694, 3
1586364583.735462, 3
1586364583.754753, 4
1586364583.775698, 4
1586364583.796519, 5
1586364583.816191, 5
1586364583.837409, 5
1586364583.857336, 6
1586364583.875415, 5
1586364583.894703, 5
1586364583.911314, 8
1586364583.929881, 8
1586364583.947323, 7
1586364583.963364, 6
1586364583.983086, 8
1586364584.000142, 7
1586364584.016774, 9
1586364584.033263, 9
1586364584.049796, 9
1586364584.068023, 9
1586364584.084331, 9
1586364584.101634, 9
1586364584.117596, 10
1586364584.134380, 8
1586364584.151287, 9
1586364584.167712, 9
1586364584.184093, 8
1586364584.203606, 3
1586364584.220641, 4
1586364584.237148, 1
1586364584.254787, 3
1586364584.271190, 4
1586364584.287386, 3
1586364584.303451, 3
1586364584.319971, 4
1586364584.335340, 4
1586364584.351418, 4
1586364584.367763, 4
1586364584.384057, 6
1586364584.399983, 5
1586364584.416500, 6
1586364584.433143, 6
1586364584.450001, 6
1586364584.466182, 7
1586364584.483017, 6
1586364584.499634, 7
1586364584.515262, 6
1586364584.530809, 8
1586364584.547061, 7
1586364584.562779, 8
1586364584.578443, 8
1586364584.593951, 8
1586364584.610398, 8
1586364584.627009, 10
1586364584.643935, 8
1586364584.659471, 9
1586364584.675188, 9
1586364584.691851, 7
1586364584.708131, 3
1586364584.725768, 2
1586364584.742522, 2
1586364584.757182, 2
1586364584.771081, 3
1586364584.785601, 3
1586364584.800052, 2
1586364584.814028, 3
1586364584.828294, 5
1586364584.842429, 3
1586364584.856655, 4
1586364584.871394, 4
1586364584.885939, 5
1586364584.900395, 5
1586364584.914245, 3
1586364584.927849, 7
1586364584.942596, 6
1586364584.957372, 6
1586364584.971057, 7
1586364584.985477, 6
1586364585.000153, 6
1586364585.014879, 7
1586364585.028589, 7
1586364585.042860, 7
1586364585.056914, 7
1586364585.071556, 7
1586364585.085211, 8
1586364585.099787, 9
1586364585.113624, 8
1586364585.128379, 10
1586364585.142764, 10
1586364585.157382, 9
1586364585.171904, 8
1586364585.186574, 9
1586364585.201343, 8
1586364585.215863, 2
1586364585.229517, 4
1586364585.244240, 2
1586364585.258905, 2
1586364585.273557, 3
1586364585.287572, 2
1586364585.301723, 3
1586364585.315719, 3
1586364585.330004, 4
1586364585.343839, 4
1586364585.358423, 3
1586364585.373100, 5
1586364585.387733, 4
1586364585.403418, 4
1586364585.417930, 4
1586364585.432563, 7
1586364585.446917, 5
1586364585.460994, 5
1586364585.475175, 5
1586364585.489809, 7
1586364585.504486, 6
1586364585.519251, 7
1586364585.533583, 9
1586364585.548009, 8
1586364585.563028, 7
1586364585.577597, 7
1586364585.591615, 8
1586364585.605781, 8
1586364585.620488, 9
1586364585.635815, 9
1586364585.649675, 8
1586364585.663624, 8
1586364585.677488, 8
1586364585.691438, 8
1586364585.705195, 6
1586364585.721326, 3
1586364585.735605, 2
1586364585.750439, 3
1586364585.765100, 3
1586364585.779691, 2
1586364585.794223, 3
1586364585.808148, 1
1586364585.821857, 3
1586364585.835947, 3
1586364585.849835, 3
1586364585.864521, 4
1586364585.878225, 3
1586364585.892845, 6
1586364585.907320, 4
1586364585.923078, 4
1586364585.938417, 6
1586364585.951966, 5
1586364585.966821, 6
1586364585.981769, 6
1586364585.997140, 6
1586364586.011495, 5
1586364586.028336, 7
1586364586.043179, 7
1586364586.060181, 8
1586364586.074518, 7
1586364586.089031, 8
1586364586.103011, 8
1586364586.117334, 9
1586364586.131784, 9
1586364586.146653, 9
1586364586.160987, 8
1586364586.175320, 9
1586364586.189685, 9
1586364586.204252, 8
1586364586.219060, 9
1586364586.234500, 10
1586364586.248339, 10
1586364586.263112, 8
1586364586.277173, 8
1586364586.293233, 8
1586364586.307773, 4
1586364586.322884, 5
1586364586.339339, 3
1586364586.353012, 4
1586364586.367764, 2
1586364586.382548, 2
1586364586.397205, 3
1586364586.411137, 3
1586364586.425467, 4
1586364586.439410, 5
1586364586.453845, 3
1586364586.468420, 4
1586364586.482170, 4
1586364586.496943, 5
1586364586.510623, 5
1586364586.524469, 5
1586364586.539321, 7
1586364586.553742, 5
1586364586.567664, 6
1586364586.582836, 6
1586364586.596436, 6
1586364586.611092, 7
1586364586.624944, 8
1586364586.643812, 8
1586364586.658264, 7
1586364586.672765, 7
1586364586.687714, 8
1586364586.701972, 8
1586364586.716665, 8
1586364586.731131, 9
1586364586.745006, 9
1586364586.760371, 9
1586364586.774519, 10
1586364586.788983, 10
1586364586.803106, 9
1586364586.816929, 10
1586364586.831479, 9
1586364586.845984, 9
1586364586.860668, 9
1586364586.874897, 9
1586364586.889304, 8
1586364586.903052, 3
1586364586.916880, 4
1586364586.930699, 3
1586364586.944300, 3
1586364586.958940, 4
1586364586.973426, 3
1586364586.988061, 4
1586364587.002053, 4
1586364587.016241, 5
1586364587.030738, 4
1586364587.044589, 5
1586364587.059622, 4
1586364587.073689, 5
1586364587.088587, 4
1586364587.103386, 6
1586364587.117553, 6
1586364587.132182, 6
1586364587.145994, 8
1586364587.160612, 7
1586364587.175403, 7
1586364587.190671, 7
1586364587.205489, 7
1586364587.219414, 7
1586364587.233983, 8
1586364587.248568, 9
1586364587.262322, 7
1586364587.276756, 9
1586364587.291475, 8
1586364587.306166, 7
1586364587.322830, 10
1586364587.337314, 10
1586364587.351334, 9
1586364587.365829, 8
1586364587.380475, 9
1586364587.394327, 9
1586364587.408079, 7
1586364587.422310, 3
1586364587.436196, 2
1586364587.450716, 3
1586364587.465364, 3
1586364587.479909, 3
1586364587.494576, 3
1586364587.508960, 2
1586364587.522830, 3
1586364587.537437, 4
1586364587.551468, 4
1586364587.565951, 4
1586364587.580588, 3
1586364587.595082, 5
1586364587.610685, 4
1586364587.625490, 6
1586364587.639964, 5
1586364587.654580, 7
1586364587.668367, 6
1586364587.683044, 6
1586364587.697560, 5
1586364587.713226, 7
1586364587.727894, 8
1586364587.742205, 7
1586364587.756150, 9
1586364587.771002, 7
1586364587.785631, 8
1586364587.800184, 8
1586364587.816917, 8
1586364587.831260, 8
1586364587.845852, 8
1586364587.859810, 10
1586364587.873793, 7
1586364587.888243, 8
1586364587.902819, 10
1586364587.917008, 10
1586364587.937056, 10
1586364587.957477, 9
1586364587.977684, 9
1586364587.998669, 8
1586364588.019153, 3
1586364588.039333, 4
1586364588.061210, 3
1586364588.081920, 3
1586364588.101645, 4
1586364588.121557, 3
1586364588.142907, 3
1586364588.163687, 5
1586364588.178413, 3
1586364588.193037, 5
1586364588.207072, 5
1586364588.220907, 5
1586364588.241639, 7
1586364588.261414, 6
1586364588.281498, 7
1586364588.302550, 7
1586364588.321510, 6
1586364588.341623, 7
1586364588.361249, 8
1586364588.381300, 7
1586364588.399947, 8
1586364588.419433, 8
1586364588.439151, 9
1586364588.460006, 10
1586364588.481127, 8
1586364588.501803, 8
1586364588.521528, 5
1586364588.540779, 2
1586364588.561121, 2
1586364588.580556, 3
1586364588.599970, 3
1586364588.620084, 3
1586364588.639841, 4
1586364588.659396, 3
1586364588.679827, 4
1586364588.700999, 4
1586364588.720661, 4
1586364588.741906, 6
1586364588.762283, 7
1586364588.782200, 5
1586364588.802353, 6
1586364588.823948, 6
1586364588.844633, 5
1586364588.866640, 8
1586364588.887056, 7
1586364588.906451, 8
1586364588.927415, 7
1586364588.947280, 8
1586364588.967193, 9
1586364588.987163, 8
1586364589.007203, 9
1586364589.027993, 8
1586364589.047647, 2
1586364589.067469, 2
1586364589.087327, 2
1586364589.108470, 3
1586364589.157562, 3
1586364589.179121, 3
1586364589.199058, 4
1586364589.219240, 3
1586364589.239350, 4
1586364589.258571, 5
1586364589.278062, 5
1586364589.297737, 4
1586364589.317936, 5
1586364589.339538, 6
1586364589.360089, 6
1586364589.379842, 5
1586364589.399202, 7
1586364589.419229, 8
1586364589.439099, 9
1586364589.458983, 9
1586364589.479287, 9
1586364589.498868, 8
1586364589.518280, 9
1586364589.537521, 9
1586364589.558200, 10
1586364589.578035, 8
1586364589.597352, 10
1586364589.617517, 9
1586364589.637981, 2
1586364589.658315, 2
1586364589.673987, 3
1586364589.689742, 1
1586364589.703349, 3
1586364589.717076, 3
1586364589.730795, 3
1586364589.745108, 3
1586364589.759864, 3
1586364589.773504, 3
1586364589.788434, 4
1586364589.802098, 4
1586364589.815718, 5
1586364589.829342, 5
1586364589.843524, 5
1586364589.862386, 4
1586364589.877111, 5
1586364589.891660, 6
1586364589.906292, 6
1586364589.920850, 5
1586364589.934821, 7
1586364589.950444, 7
1586364589.964251, 6
1586364589.979135, 9
1586364589.992738, 8
1586364590.006520, 8
1586364590.020606, 8
1586364590.034378, 9
1586364590.048974, 7
1586364590.063462, 8
1586364590.077213, 10
1586364590.091108, 8
1586364590.104840, 9
1586364590.118370, 9
1586364590.132031, 9
1586364590.145708, 9
1586364590.160437, 9
1586364590.175186, 9
1586364590.188889, 10
1586364590.203551, 9
1586364590.217202, 9
1586364590.231912, 3
1586364590.245753, 3
1586364590.260255, 2
1586364590.274167, 4
1586364590.287793, 2
1586364590.302691, 3
1586364590.317395, 4
1586364590.331738, 3
1586364590.345405, 4
1586364590.360355, 4
1586364590.374385, 4
1586364590.395859, 6
1586364590.417174, 5
1586364590.437777, 5
1586364590.459768, 6
1586364590.480554, 8
1586364590.500526, 7
1586364590.521551, 6
1586364590.540109, 6
1586364590.562540, 5
1586364590.580079, 8
1586364590.596148, 8
1586364590.612203, 7
1586364590.628226, 9
1586364590.643962, 8
1586364590.660239, 7
1586364590.676155, 9
1586364590.692763, 9
1586364590.709110, 8
1586364590.724925, 9
1586364590.742367, 9
1586364590.759676, 2
1586364590.778514, 4
1586364590.795771, 1
1586364590.814383, 3
1586364590.832995, 3
1586364590.852598, 2
1586364590.871835, 4
1586364590.891460, 3
1586364590.911565, 4
1586364590.931496, 4
1586364590.951813, 4
1586364590.971587, 6
1586364590.995231, 5
1586364591.016056, 5
1586364591.036711, 5
1586364591.058071, 6
1586364591.078663, 7
1586364591.099214, 7
1586364591.119893, 7
1586364591.140396, 8
1586364591.159652, 7
1586364591.180464, 10
1586364591.200994, 8
1586364591.278253, 9
1586364591.299504, 8
1586364591.319136, 10
1586364591.339243, 9
1586364591.357492, 8
1586364591.379506, 9
1586364591.396463, 6
1586364591.411977, 2
1586364591.427135, 2
1586364591.444092, 2
1586364591.459609, 3
1586364591.475373, 1
1586364591.491068, 1
1586364591.507072, 2
1586364591.522801, 2
1586364591.539752, 1
1586364591.555489, 3
1586364591.570958, 2
1586364591.587852, 4
1586364591.604511, 2
1586364591.619964, 3
1586364591.635864, 1
1586364591.651870, 4
1586364591.668025, 3
1586364591.684821, 3
1586364591.701376, 2
1586364591.718012, 3
1586364591.734730, 2
1586364591.750732, 2
1586364591.766837, 4
1586364591.784058, 4
1586364591.799291, 4
1586364591.816716, 2
1586364591.832131, 4
1586364591.848840, 5
1586364591.866112, 5
1586364591.882081, 5
1586364591.897957, 6
1586364591.914001, 5
1586364591.929463, 6
1586364591.945345, 6
1586364591.961359, 7
1586364591.976652, 6
1586364591.992073, 9
1586364592.007538, 8
1586364592.022978, 7
1586364592.038541, 7
1586364592.054072, 8
1586364592.070564, 8
1586364592.087015, 8
1586364592.103018, 9
1586364592.118555, 8
1586364592.134227, 7
1586364592.150360, 9
1586364592.167993, 8
1586364592.183595, 2
1586364592.201613, 2
1586364592.217337, 2
1586364592.233036, 2
1586364592.248853, 2
1586364592.264764, 4
1586364592.280640, 2
1586364592.295984, 4
1586364592.313272, 4
1586364592.328606, 3
1586364592.345093, 4
1586364592.361572, 4
1586364592.377872, 4
1586364592.393480, 7
1586364592.408464, 6
1586364592.422241, 6
1586364592.436140, 6
1586364592.449795, 5
1586364592.465459, 6
1586364592.480934, 5
1586364592.496669, 8
1586364592.511849, 7
1586364592.527796, 8
1586364592.544331, 7
1586364592.559333, 7
1586364592.574568, 9
1586364592.590328, 8
1586364592.605937, 10
1586364592.621396, 9
1586364592.637207, 10
1586364592.652714, 9
1586364592.668141, 10
1586364592.683628, 9
1586364592.698740, 9
1586364592.715250, 10
1586364592.732065, 9
1586364592.748528, 9
1586364592.764100, 8
1586364592.782185, 10
1586364592.800789, 5
1586364592.820868, 2
1586364592.841164, 3
1586364592.861439, 3
1586364592.880503, 2
1586364592.900158, 4
1586364592.920507, 4
1586364592.940624, 4
1586364592.960390, 5
1586364592.980269, 5
1586364593.000521, 6
1586364593.020663, 6
1586364593.039676, 5
1586364593.058940, 6
1586364593.077914, 7
1586364593.098449, 7
1586364593.119954, 7
1586364593.140365, 7
1586364593.159776, 7
1586364593.179631, 9
1586364593.198902, 9
1586364593.219220, 9
1586364593.240330, 8
1586364593.261626, 8
1586364593.281045, 9
1586364593.301792, 9
1586364593.321241, 8
1586364593.340095, 8
1586364593.359863, 2
1586364593.410021, 3
1586364593.429539, 3
1586364593.451059, 4
1586364593.470396, 3
1586364593.485982, 2
1586364593.503960, 3
1586364593.519985, 6
1586364593.536366, 3
1586364593.552801, 4
1586364593.569381, 4
1586364593.587139, 4
1586364593.603099, 4
1586364593.619004, 6
1586364593.634887, 5
1586364593.652453, 6
1586364593.668148, 5
1586364593.683671, 6
1586364593.700416, 5
1586364593.716957, 6
1586364593.732580, 6
1586364593.748300, 7
1586364593.763662, 7
1586364593.779406, 7
1586364593.794244, 6
1586364593.811384, 8
1586364593.826470, 9
1586364593.845283, 9
1586364593.866670, 9
1586364593.887289, 8
1586364593.907233, 9
1586364593.927199, 9
1586364593.947402, 6
1586364593.969375, 8
1586364593.988490, 4
1586364594.011564, 2
1586364594.031206, 4
1586364594.051881, 3
1586364594.071551, 3
1586364594.093002, 2
1586364594.113178, 3
1586364594.132541, 4
1586364594.152495, 4
1586364594.173356, 4
1586364594.274723, 6
1586364594.296185, 5
1586364594.316170, 5
1586364594.336862, 6
1586364594.358052, 5
1586364594.379081, 7
1586364594.579104, 6
1586364594.595421, 7
1586364594.609979, 6
1586364594.623599, 8
1586364594.638292, 7
1586364594.652962, 7
1586364594.667604, 8
1586364594.682174, 7
1586364594.696294, 9
1586364595.236175, 9
1586364595.257681, 5
1586364595.276921, 7
1586364595.296672, 5
1586364595.315346, 4
1586364595.334488, 3
1586364595.354020, 2
1586364595.372368, 1
1586364595.390728, 2
1586364595.411718, 3
1586364595.431545, 3
1586364595.451863, 2
1586364595.471709, 4
1586364595.491997, 4
1586364595.511433, 3
1586364595.529838, 6
1586364595.548451, 6
1586364595.566888, 6
1586364595.582513, 6
1586364595.598040, 7
1586364595.611749, 6
1586364595.625470, 7
1586364595.639051, 6
1586364595.652820, 8
1586364595.666389, 8
1586364595.681020, 8
1586364595.694679, 8
1586364595.708724, 8
1586364595.722200, 7
1586364595.735808, 8
1586364595.749496, 10
1586364595.763091, 9
1586364595.776900, 9
1586364595.791424, 8
1586364595.804991, 8
1586364595.819628, 9
1586364595.833288, 9
1586364595.847917, 10
1586364595.861563, 10
1586364595.875253, 8
1586364595.888977, 8
1586364595.902597, 8
1586364595.916340, 6
1586364595.930069, 4
1586364595.943778, 2
1586364595.957473, 3
1586364595.971136, 2
1586364595.985565, 4
1586364596.000356, 4
1586364596.014790, 2
1586364596.028471, 2
1586364596.044568, 4
1586364596.061742, 5
1586364596.075373, 4
1586364596.089983, 4
1586364596.105858, 5
1586364596.119560, 5
1586364596.133867, 6
1586364596.149873, 7
1586364596.163378, 6
1586364596.177786, 4
1586364596.193111, 6
1586364596.206772, 5
1586364596.221415, 6
1586364596.238329, 6
1586364596.256817, 7
1586364596.274161, 6
1586364596.292810, 7
1586364596.309685, 8
1586364596.327136, 8
1586364596.345702, 8
1586364596.363637, 9
1586364596.383071, 9
1586364596.400526, 10
1586364596.420098, 9
1586364596.437421, 9
1586364596.454762, 8
1586364596.473685, 8
1586364596.548693, 9
1586364596.567611, 9
1586364596.608236, 9
1586364596.625535, 7
1586364596.640631, 2
1586364596.657660, 5
1586364596.673005, 3
1586364596.688710, 2
1586364596.703667, 2
1586364596.726159, 2
1586364596.744781, 4
1586364596.765217, 4
1586364596.787361, 4
1586364596.807427, 4
1586364596.826258, 4
1586364596.845218, 5
1586364596.864503, 6
1586364596.884352, 5
1586364596.903928, 7
1586364596.924096, 7
1586364596.943729, 7
1586364596.963608, 7
1586364596.983249, 7
1586364597.003337, 7
1586364597.023454, 7
1586364597.043496, 7
1586364597.061971, 9
1586364597.082989, 9
1586364597.101863, 8
1586364597.121887, 9
1586364597.141661, 8
1586364597.160809, 10
1586364597.179379, 9
1586364597.199355, 8
1586364597.220216, 10
1586364597.239516, 8
1586364597.261464, 4
1586364597.280949, 3
1586364597.300715, 3
1586364597.320674, 3
1586364597.340062, 3
1586364597.359492, 4
1586364597.379174, 4
1586364597.400640, 5
1586364597.421055, 5
1586364597.440461, 4
1586364597.460313, 5
1586364597.481178, 4
1586364597.501646, 5
1586364597.521988, 6
1586364597.543292, 7
1586364597.563860, 8
1586364597.625537, 7
1586364597.641133, 7
1586364597.655688, 7
1586364597.671909, 9
1586364597.691595, 8
1586364597.707719, 8
1586364597.724253, 9
1586364597.738712, 8
1586364597.753197, 9
1586364597.767234, 8
1586364597.782260, 9
1586364597.799193, 8
1586364597.813273, 8
1586364597.827052, 8
1586364597.841762, 8
1586364597.855501, 7
1586364597.871337, 1
1586364597.885083, 2
1586364597.901219, 1
1586364597.917092, 2
1586364597.930880, 4
1586364597.945244, 3
1586364598.268367, 5
1586364598.287645, 4
1586364598.393576, 4
1586364598.416427, 3
1586364598.436819, 4
1586364598.457478, 3
1586364598.477887, 4
1586364598.499759, 6
1586364598.518937, 6
1586364598.538920, 3
1586364598.558836, 5
1586364598.578535, 6
1586364598.598798, 7
1586364598.619563, 6
1586364598.639703, 7
1586364598.659161, 7
1586364598.680880, 7
1586364598.697397, 9
1586364598.715991, 8
1586364598.731675, 8
1586364598.745638, 7
1586364598.759160, 9
1586364598.773257, 9