1586366495.786659, 0
1586366495.804269, 1
1586366495.818308, 0
1586366495.835254, 0
1586366495.850027, 1
1586366495.863403, 7
1586366495.876980, 4
1586366495.890806, 12
1586366495.907747, 17
1586366495.926047, 19
1586366495.939921, 21
1586366495.954428, 20
1586366495.968275, 26
1586366495.982135, 30
1586366495.995902, 34
1586366496.010521, 37
1586366496.024323, 43
1586366496.037958, 45
1586366496.052624, 51
1586366496.067385, 54
1586366496.080943, 55
1586366496.096613, 60
1586366496.111282, 68
1586366496.125528, 71
1586366496.144310, 73
1586366496.158896, 79
1586366496.173246, 83
1586366496.188614, 87
1586366496.202524, 90
1586366496.216992, 97
1586366496.230712, 100
1586366496.244650, 99
1586366496.259039, 99
1586366496.272636, 100
1586366496.287374, 100
1586366496.301830, 100
1586366496.316428, 98
1586366496.330107, 100
1586366496.343830, 100
1586366496.357140, 99
1586366496.371213, 100
1586366496.385469, 100
1586366496.399358, 100
1586366496.414761, 100
1586366496.428834, 100
1586366496.443425, 99
1586366496.457673, 100
1586366496.471703, 99
1586366496.485308, 99
1586366496.500003, 99
1586366496.514411, 99
1586366496.528504, 99
1586366496.543047, 100
1586366496.558524, 100
1586366496.572280, 100
1586366496.586917, 99
1586366496.601436, 99
1586366496.616139, 99
1586366496.629854, 100
1586366496.643776, 100
1586366496.658107, 100
1586366496.672018, 99
1586366496.686366, 100
1586366496.700188, 99
1586366496.713942, 99
1586366496.728111, 100
1586366496.743952, 99
1586366496.757589, 98
1586366496.772376, 99
1586366496.787831, 100
1586366496.803610, 98
1586366496.818025, 100
1586366496.832629, 99
1586366496.847711, 99
1586366496.863061, 99
1586366496.878384, 99
1586366496.893396, 98
1586366496.907392, 99
1586366496.921164, 100
1586366496.935026, 100
1586366496.954225, 100
1586366496.973755, 97
1586366496.994371, 98
1586366497.015438, 98
1586366497.035176, 99
1586366497.057167, 100
1586366497.079145, 99
1586366497.100788, 100
1586366497.121559, 98
1586366497.143319, 98
1586366497.165288, 99
1586366497.185704, 98
1586366497.205582, 98
1586366497.225767, 99
1586366497.245530, 99
1586366497.265831, 98
1586366497.287084, 100
1586366497.306695, 96
1586366497.327283, 95
1586366497.346599, 95
1586366497.364403, 96
1586366497.379174, 94
1586366497.393811, 96
1586366497.409984, 94
1586366497.428126, 99
1586366497.452580, 97
1586366497.471677, 94
1586366497.491872, 94
1586366497.513131, 93
1586366497.532731, 96
1586366497.552533, 96
1586366497.573131, 96
1586366497.594248, 97
1586366497.616131, 94
1586366497.639833, 97
1586366497.659222, 93
1586366497.681323, 96
1586366497.702213, 96
1586366497.723363, 98
1586366497.745654, 99
1586366497.766011, 95
1586366497.787297, 88
1586366497.807892, 80
1586366497.831161, 78
1586366497.851271, 73
1586366497.871225, 65
1586366497.891471, 64
1586366497.915263, 62
1586366497.934726, 62
1586366497.953955, 63
1586366497.969253, 61
1586366497.984837, 57
1586366497.998583, 58
1586366498.013169, 57
1586366498.027531, 56
1586366498.042698, 53
1586366498.056359, 51
1586366498.070196, 49
1586366498.085001, 50
1586366498.099727, 48
1586366498.114825, 49
1586366498.128891, 47
1586366498.143431, 43
1586366498.158114, 39
1586366498.172377, 33
1586366498.195172, 35
1586366498.217656, 34
1586366498.237935, 35
1586366498.258445, 35
1586366498.279482, 35
1586366498.298552, 35
1586366498.318384, 35
1586366498.339275, 36
1586366498.394292, 34
1586366498.411091, 35
1586366498.428671, 36
1586366498.446494, 35
1586366498.464044, 34
1586366498.480187, 35
1586366498.497191, 35
1586366498.514163, 35
1586366498.531506, 35
1586366498.548731, 35
1586366498.568929, 35
1586366498.583074, 35
1586366498.597446, 35
1586366498.613941, 35
1586366498.628036, 36
1586366498.642799, 33
1586366498.656528, 34
1586366498.671461, 34
1586366498.686808, 35
1586366498.700180, 35
1586366498.715084, 33
1586366498.730655, 34
1586366498.745468, 33
1586366498.759944, 36
1586366498.773859, 34
1586366498.787672, 35
1586366498.801086, 36
1586366498.815207, 34
1586366498.830677, 36
1586366498.846652, 35
1586366498.860316, 36
1586366498.874603, 36
1586366498.890302, 37
1586366498.905061, 37
1586366498.919580, 35
1586366498.934455, 34
1586366498.949383, 36
1586366498.971161, 36
1586366499.257890, 37
1586366499.284449, 38
1586366499.303240, 36
1586366499.323271, 37
1586366499.337325, 38
1586366499.374576, 36
1586366499.390147, 36
1586366499.406986, 36
1586366499.428259, 37
1586366499.447768, 36
1586366499.467304, 36
1586366499.488151, 37
1586366499.507294, 38
1586366499.528948, 37
1586366499.548547, 38
1586366499.569753, 37
1586366499.590164, 38
1586366499.611654, 38
1586366499.632131, 37
1586366499.652260, 38
1586366499.672367, 38
1586366499.692071, 38
1586366499.711132, 38
1586366499.730286, 38
1586366499.750270, 38
1586366499.769709, 37
1586366499.789256, 39
1586366499.808444, 38
1586366499.833352, 38
1586366499.853735, 39
1586366499.874864, 38
1586366499.894820, 40
1586366499.916167, 39
1586366499.933293, 39
1586366499.948122, 39
1586366499.962075, 39
1586366499.983838, 38
1586366500.003459, 40
1586366500.024066, 40
1586366500.047467, 39
1586366500.069019, 40
1586366500.091380, 40
1586366500.112853, 39
1586366500.131323, 40
1586366500.151631, 39
1586366500.173337, 40
1586366500.193905, 40
1586366500.215638, 42
1586366500.233497, 41
1586366500.249929, 40
1586366500.268169, 41
1586366500.288376, 40
1586366500.465721, 41
1586366500.485768, 41
1586366500.505130, 43
1586366500.525819, 42
1586366500.540016, 43
1586366500.554734, 41
1586366500.569954, 41
1586366500.592549, 42
1586366500.611810, 43
1586366500.631692, 43
1586366500.653556, 42
1586366500.674695, 43
1586366500.696023, 41
1586366500.716634, 41
1586366500.737583, 42
1586366500.757726, 41
1586366500.777158, 42
1586366500.797219, 42
1586366500.817918, 43
1586366500.838228, 41
1586366500.858151, 42
1586366500.877990, 41
1586366500.898399, 42
1586366500.918761, 41
1586366500.938715, 43
1586366500.959519, 43
1586366500.980153, 42
1586366501.000392, 44
1586366501.020383, 45
1586366501.044982, 42
1586366501.065571, 43
1586366501.085392, 43
1586366501.105906, 42
1586366501.122545, 44
1586366501.137580, 43
1586366501.153329, 43
1586366501.167787, 43
1586366501.182078, 43
1586366501.196186, 43
1586366501.210817, 43
1586366501.224572, 43
1586366501.241272, 44
1586366501.255969, 43
1586366501.271705, 44
1586366501.287995, 45
1586366501.307364, 45
1586366501.411373, 46
1586366501.431613, 46
1586366501.452282, 45
1586366501.472371, 45
1586366501.491885, 44
1586366501.512214, 45
1586366501.532654, 44
1586366501.628276, 45
1586366501.648586, 45
1586366501.668776, 45
1586366501.688943, 45
1586366501.708362, 44
1586366501.730109, 43
1586366501.745076, 45
1586366501.759732, 46
1586366501.774341, 46
1586366501.789257, 45
1586366501.804759, 45
1586366501.825947, 45
1586366501.847117, 46
1586366501.867152, 47
1586366501.888176, 46
1586366501.908194, 46
1586366501.930501, 46
1586366501.950496, 45
1586366501.974806, 46
1586366501.997294, 46
1586366502.019260, 46
1586366502.038797, 48
1586366502.059205, 45
1586366502.079665, 45
1586366502.099130, 46
1586366502.119869, 45
1586366502.140587, 46
1586366502.161522, 48
1586366502.181933, 46
1586366502.201818, 46
1586366502.223835, 47
1586366502.246305, 47
1586366502.268104, 46
1586366502.290090, 47
1586366502.308733, 47
1586366502.325198, 47
1586366502.339779, 49
1586366502.355716, 45
1586366502.371065, 47
1586366502.385536, 47
1586366502.400051, 48
1586366502.414443, 46
1586366502.429449, 47
1586366502.448628, 49
1586366502.469153, 47
1586366502.489655, 48
1586366502.508966, 48
1586366502.531838, 48
1586366502.553176, 49
1586366502.575123, 48
1586366502.595132, 48
1586366502.616218, 49
1586366502.635113, 49
1586366502.655889, 49
1586366502.675128, 49
1586366502.695375, 50
1586366502.715768, 49
1586366502.733651, 49
1586366502.747379, 50
1586366502.762901, 49
1586366502.777289, 48
1586366502.791891, 49
1586366502.811193, 49
1586366502.831857, 49
1586366502.853280, 50
1586366502.873451, 48
1586366502.894569, 49
1586366502.913641, 50
1586366502.935809, 49
1586366502.951352, 51
1586366502.966019, 50
1586366502.980286, 50
1586366502.994247, 51
1586366503.008401, 49
1586366503.022173, 50
1586366503.037055, 50
1586366503.051741, 51
1586366503.065401, 50
1586366503.079984, 50
1586366503.094594, 49
1586366503.108334, 49
1586366503.122592, 50
1586366503.138850, 49
1586366503.152942, 52
1586366503.167995, 50
1586366503.183327, 50
1586366503.199626, 51
1586366503.213306, 50
1586366503.227616, 51
1586366503.241419, 51
1586366503.257059, 52
1586366503.271631, 50
1586366503.286147, 50
1586366503.300823, 51
1586366503.314482, 51
1586366503.329113, 52
1586366503.343823, 50
1586366503.357489, 52
1586366503.372189, 51
1586366503.385790, 51
1586366503.399559, 51
1586366503.413172, 50
1586366503.427525, 51
1586366503.441260, 52
1586366503.455101, 53
1586366503.468552, 54
1586366503.483084, 53
1586366503.498023, 53
1586366503.511682, 52
1586366503.525338, 51
1586366503.539677, 52
1586366503.553623, 53
1586366503.567433, 53
1586366503.581681, 52
1586366503.595477, 52
1586366503.609348, 52
1586366503.622888, 53
1586366503.636592, 52
1586366503.650277, 52
1586366503.664861, 53
1586366503.679591, 52
1586366503.693293, 51
1586366503.707549, 54
1586366503.722353, 53
1586366503.740053, 52
1586366503.754640, 54
1586366503.769777, 54
1586366503.784015, 53
1586366503.799134, 52
1586366503.814748, 51
1586366503.829666, 54
1586366503.844435, 52
1586366503.864411, 54
1586366503.885076, 53
1586366503.907334, 54
1586366503.928446, 53
1586366503.949174, 52
1586366503.969747, 54
1586366503.989304, 54
1586366504.011791, 53
1586366504.031437, 52
1586366504.052192, 55
1586366504.072407, 53
1586366504.092910, 54
1586366504.111244, 54
1586366504.128787, 54
1586366504.142524, 53
1586366504.157045, 53
1586366504.171077, 56
1586366504.186305, 55
1586366504.201691, 55
1586366504.217573, 54
1586366504.233261, 54
1586366504.248220, 54
1586366504.264404, 54
1586366504.280194, 57
1586366504.295513, 55
1586366504.313122, 54
1586366504.328568, 56
1586366504.344032, 54
1586366504.359601, 54
1586366504.375229, 56
1586366504.390481, 56
1586366504.407173, 54
1586366504.422091, 54
1586366504.437569, 55
1586366504.453027, 55
1586366504.467561, 54
1586366504.484214, 56
1586366504.499378, 56
1586366504.514414, 55
1586366504.529488, 56
1586366504.543950, 55
1586366504.559044, 55
1586366504.573785, 57
1586366504.589445, 55
1586366504.605020, 56
1586366504.622318, 56
1586366504.639063, 55
1586366504.654877, 57
1586366504.669787, 57
1586366504.685694, 56
1586366504.700845, 57
1586366504.720035, 57
1586366504.734667, 56
1586366504.749540, 55
1586366504.763239, 58
1586366504.778744, 57
1586366504.797616, 57
1586366504.812917, 57
1586366504.827820, 57
1586366504.843656, 56
1586366504.858452, 55
1586366504.873111, 57
1586366504.886790, 56
1586366504.901600, 57
1586366504.915490, 56
1586366504.931386, 56
1586366504.945135, 56
1586366504.960189, 58
1586366504.974331, 57
1586366505.271061, 57
1586366505.291951, 58
1586366505.310474, 58
1586366505.332527, 58
1586366505.347367, 56
1586366505.363343, 58
1586366505.378141, 59
1586366505.393758, 58
1586366505.408698, 58
1586366505.423545, 59
1586366505.438934, 57
1586366505.523605, 58
1586366505.544916, 58
1586366505.565058, 59
1586366505.587159, 58
1586366505.606929, 57
1586366505.626512, 58
1586366505.646501, 59
1586366505.667402, 57
1586366505.687988, 56
1586366505.708593, 58
1586366505.727309, 59
1586366505.746619, 59
1586366505.765438, 58
1586366505.783115, 58
1586366505.802465, 57
1586366505.826137, 59
1586366505.848755, 57
1586366505.870669, 57
1586366505.894787, 59
1586366505.913864, 59
1586366505.932026, 60
1586366505.947128, 59
1586366505.961551, 60
1586366505.977218, 60
1586366505.991975, 59
1586366506.008551, 59
1586366506.023059, 58
1586366506.039129, 61
1586366506.055165, 60
1586366506.070005, 60
1586366506.084664, 60
1586366506.101062, 59
1586366506.117802, 59
1586366506.136239, 61
1586366506.152038, 60
1586366506.167516, 61
1586366506.183370, 59
1586366506.198982, 60
1586366506.216327, 59
1586366506.232265, 60
1586366506.247842, 60
1586366506.263369, 61
1586366506.279394, 60
1586366506.299043, 59
1586366506.315519, 60
1586366506.334128, 62
1586366506.353693, 60
1586366506.373348, 62
1586366506.393409, 60
1586366506.414010, 59
1586366506.434393, 61
1586366506.458495, 60
1586366506.477626, 62
1586366506.501583, 60
1586366506.516916, 60
1586366506.539551, 60
1586366506.553465, 63
1586366506.568096, 63
1586366506.587576, 60
1586366506.610130, 60
1586366506.630607, 62
1586366506.652431, 62
1586366506.674066, 62
1586366506.695260, 60
1586366506.715785, 62
1586366506.738638, 62
1586366506.759753, 62
1586366506.780330, 62
1586366506.800067, 61
1586366506.820837, 59
1586366506.843173, 63
1586366506.864882, 62
1586366506.884616, 64
1586366506.904388, 62
1586366506.925336, 62
1586366506.943935, 63
1586366506.963176, 62
1586366506.983078, 62
1586366507.003083, 61
1586366507.025792, 62
1586366507.047117, 62
1586366507.065759, 63
1586366507.087255, 62
1586366507.107284, 62
1586366507.126887, 62
1586366507.146593, 64
1586366507.167221, 63
1586366507.185870, 62
1586366507.205388, 63
1586366507.224914, 64
1586366507.244926, 64
1586366507.264613, 63
1586366507.284974, 65
1586366507.304468, 63
1586366507.326330, 63
1586366507.351005, 63
1586366507.377676, 63
1586366507.397092, 63
1586366507.419235, 64
1586366507.439741, 63
1586366507.459757, 63
1586366507.480006, 64
1586366507.500394, 64
1586366507.519641, 63
1586366507.540316, 63
1586366507.559850, 65
1586366507.580448, 65
1586366507.600648, 64
1586366507.621920, 64
1586366507.643087, 64
1586366507.665349, 66
1586366507.686505, 65
1586366507.707484, 67
1586366507.729342, 65
1586366507.748659, 64
1586366507.768724, 64
1586366507.791001, 66
1586366507.811315, 64
1586366507.831140, 64
1586366507.850770, 64
1586366507.872198, 65
1586366507.892661, 66
1586366507.911930, 65
1586366507.933265, 64
1586366507.954280, 65
1586366507.973164, 67
1586366507.992904, 66
1586366508.013225, 64
1586366508.032956, 64
1586366508.052211, 64
1586366508.071928, 66
1586366508.091309, 66
1586366508.111705, 65
1586366508.132397, 65
1586366508.151387, 65
1586366508.171535, 66
1586366508.192437, 65
1586366508.212472, 66
1586366508.232138, 66
1586366508.255329, 65
1586366508.272207, 68
1586366508.288277, 67
1586366508.306856, 68
1586366508.323533, 67
1586366508.340389, 66
1586366508.355799, 66
1586366508.372368, 68
1586366508.389836, 66
1586366508.406271, 66
1586366508.423982, 67
1586366508.440924, 68
1586366508.457251, 69
1586366508.475808, 69
1586366508.493153, 68
1586366508.509847, 68
1586366508.527608, 67
1586366508.545896, 67
1586366508.562753, 67
1586366508.579401, 67
1586366508.595822, 68
1586366508.614336, 67
1586366508.630932, 67
1586366508.647139, 67
1586366508.663376, 67
1586366508.680586, 68
1586366508.697281, 69
1586366508.715016, 68
1586366508.733338, 67
1586366508.749422, 68
1586366508.767134, 69
1586366508.783576, 68
1586366508.800509, 69
1586366508.817317, 67
1586366508.835072, 66
1586366509.263603, 68
1586366509.283238, 69
1586366509.303669, 69
1586366509.323112, 70
1586366509.342449, 70
1586366509.360917, 68
1586366509.379216, 69
1586366509.400125, 69
1586366509.420059, 69
1586366509.441649, 67
1586366509.462231, 70
1586366509.482454, 71
1586366509.501493, 71
1586366509.521411, 71
1586366509.540782, 70
1586366509.560860, 69
1586366509.580199, 72
1586366509.599745, 71
1586366509.620661, 69
1586366509.640657, 67
1586366509.660390, 68
1586366509.679687, 69
1586366509.699476, 69
1586366509.723167, 68
1586366509.745415, 69
1586366509.766133, 69
1586366509.785575, 70
1586366509.805237, 69
1586366509.824409, 71
1586366509.843518, 69
1586366509.862022, 68
1586366509.880815, 70
1586366509.899816, 70
1586366509.919605, 70
1586366509.941115, 69
1586366509.962741, 69
1586366509.982869, 70
1586366510.002338, 71
1586366510.023520, 71
1586366510.046792, 69
1586366510.067047, 69
1586366510.088162, 69
1586366510.107976, 70
1586366510.127548, 70
1586366510.148522, 69
1586366510.168083, 70
1586366510.187683, 71
1586366510.208028, 71
1586366510.228682, 71
1586366510.248304, 70
1586366510.267603, 71
1586366510.286246, 71
1586366510.306098, 71
1586366510.327750, 71
1586366510.347208, 69
1586366510.366612, 70
1586366510.385798, 72
1586366510.405753, 72
1586366510.425274, 71
1586366510.445576, 71
1586366510.465947, 71
1586366510.486406, 71
1586366510.507032, 72
1586366510.527116, 72
1586366510.547071, 72
1586366510.565785, 71
1586366510.584699, 73
1586366510.603299, 72
1586366510.624892, 72
1586366510.648051, 72
1586366510.669082, 71
1586366510.688204, 72
1586366510.707218, 73
1586366510.726265, 72
1586366510.745462, 72
1586366510.767148, 71
1586366510.792126, 73
1586366510.814941, 72
1586366510.834718, 73
1586366510.858262, 73
1586366510.879007, 70
1586366510.899097, 72
1586366510.922665, 73
1586366510.945738, 74
1586366510.966714, 71
1586366510.988256, 73
1586366511.008568, 73
1586366511.027903, 73
1586366511.046957, 74
1586366511.067215, 72
1586366511.088043, 74
1586366511.108933, 75
1586366511.128387, 75
1586366511.149174, 74
1586366511.169860, 73
1586366511.188623, 74
1586366511.208017, 73
1586366511.228038, 73
1586366511.248736, 74
1586366511.268335, 73
1586366511.288071, 73
1586366511.309369, 75
1586366511.329840, 75
1586366511.350325, 74
1586366511.370681, 73
1586366511.390009, 73
1586366511.411034, 74
1586366511.430387, 74
1586366511.450215, 74
1586366511.471271, 72
1586366511.495680, 73
1586366511.516146, 75
1586366511.537245, 75
1586366511.558355, 75
1586366511.578731, 74
1586366511.597103, 73
1586366511.615742, 75
1586366511.634526, 75
1586366511.654245, 75
1586366511.673325, 74
1586366511.693066, 75
1586366511.713633, 75
1586366511.734152, 75
1586366511.753971, 75
1586366511.774398, 75
1586366511.794702, 74
1586366511.813454, 75
1586366511.831890, 75
1586366511.851908, 75
1586366511.871244, 76
1586366511.891455, 75
1586366511.912097, 75
1586366511.931421, 75
1586366511.950596, 76
1586366511.969934, 75
1586366511.988914, 74
1586366512.007796, 76
1586366512.027450, 76
1586366512.046979, 75
1586366512.065344, 76
1586366512.081414, 75
1586366512.097644, 76
1586366512.114247, 76
1586366512.132369, 75
1586366512.148750, 76
1586366512.164907, 76
1586366512.182247, 76
1586366512.197637, 75
1586366512.213083, 75
1586366512.230746, 76
1586366512.246551, 74
1586366512.263001, 75
1586366512.279502, 77
1586366512.295364, 76
1586366512.311095, 75
1586366512.331830, 75
1586366512.349421, 76
1586366512.365890, 76
1586366512.381674, 76
1586366512.396952, 77
1586366512.412782, 75
1586366512.429389, 74
1586366512.445159, 76
1586366512.461669, 77
1586366512.478686, 76
1586366512.495122, 76
1586366512.512328, 76
1586366512.528265, 76
1586366512.545158, 76
1586366512.561474, 77
1586366512.577519, 77
1586366512.593288, 78
1586366512.609970, 76
1586366512.625749, 77
1586366512.642249, 76
1586366512.658899, 77
1586366512.674616, 78
1586366512.691007, 78
1586366512.706519, 77
1586366512.722662, 77
1586366512.739944, 77
1586366512.755690, 77
1586366512.771408, 77
1586366512.788119, 78
1586366512.805329, 78
1586366512.821379, 75
1586366512.837528, 77
1586366512.853298, 78
1586366512.869723, 77
1586366512.885356, 78
1586366512.901239, 78
1586366512.916541, 78
1586366512.933019, 77
1586366512.949332, 77
1586366512.965335, 79
1586366512.981255, 79
1586366512.997228, 78
1586366513.013277, 79
1586366513.029041, 77
1586366513.045023, 77
1586366513.061500, 79
1586366513.077993, 79
1586366513.094498, 80
1586366513.110366, 79
1586366513.126550, 79
1586366513.144329, 77
1586366513.164389, 79
1586366513.183867, 78
1586366513.203976, 79
1586366513.223631, 79
1586366513.243252, 78
1586366513.262303, 78
1586366513.283601, 79
1586366513.303603, 79
1586366513.324598, 78
1586366513.344975, 78
1586366513.365855, 79
1586366513.386340, 80
1586366513.405565, 78
1586366513.425686, 79
1586366513.444557, 79
1586366513.467000, 78
1586366513.487576, 79
1586366513.507447, 80
1586366513.527414, 79
1586366513.547066, 80
1586366513.567518, 79
1586366513.587159, 79
1586366513.605421, 80
1586366513.625716, 80
1586366513.646007, 80
1586366513.667238, 79
1586366513.686294, 80
1586366513.705762, 81
1586366513.724960, 80
1586366513.744958, 79
1586366513.765480, 79
1586366513.784612, 80
1586366513.803744, 80
1586366513.822648, 81
1586366513.842463, 80
1586366513.863085, 81
1586366513.882872, 82
1586366513.902984, 81
1586366513.924498, 82
1586366513.944127, 82
1586366513.964057, 81
1586366513.983897, 82
1586366514.003268, 82
1586366514.022652, 80
1586366514.041229, 82
1586366514.060222, 81
1586366514.078827, 79
1586366514.098741, 81
1586366514.118166, 80
1586366514.137102, 81
1586366514.156421, 81
1586366514.175250, 81
1586366514.194368, 81
1586366514.213557, 81
1586366514.234493, 81
1586366514.254839, 81
1586366514.275490, 80
1586366514.295481, 81
1586366514.315156, 82
1586366514.335732, 81
1586366514.356340, 82
1586366514.376179, 81
1586366514.395577, 81
1586366514.414678, 82
1586366514.435637, 82
1586366514.455028, 81
1586366514.473895, 82
1586366514.493049, 82
1586366514.511960, 82
1586366514.531851, 83
1586366514.551828, 83
1586366514.570675, 81
1586366514.589690, 82
1586366514.609442, 81
1586366514.628706, 82
1586366514.649188, 82
1586366514.668809, 82
1586366514.688198, 81
1586366514.707700, 84
1586366514.726581, 83
1586366514.745801, 82
1586366514.765461, 83
1586366514.783968, 81
1586366514.803119, 83
1586366514.824663, 83
1586366514.844076, 83
1586366514.863440, 83
1586366514.884085, 82
1586366514.903614, 84
1586366514.928334, 83
1586366514.948962, 83
1586366514.967873, 82
1586366514.988012, 83
1586366515.010308, 82
1586366515.031303, 83
1586366515.052316, 85
1586366515.074722, 82
1586366515.094633, 84
1586366515.113894, 83
1586366515.135296, 83
1586366515.156245, 84
1586366515.177385, 83
1586366515.198544, 83
1586366515.216873, 84
1586366515.236024, 83
1586366515.254682, 83
1586366515.274984, 84
1586366515.294547, 83
1586366515.315274, 84
1586366515.335141, 84
1586366515.354680, 84
1586366515.375107, 84
1586366515.395391, 83
1586366515.415508, 85
1586366515.439235, 84
1586366515.496939, 85
1586366515.516953, 84
1586366515.599972, 85
1586366515.621044, 85
1586366515.643353, 85
1586366515.662741, 85
1586366515.706113, 86
1586366515.726040, 86
1586366515.748123, 85
1586366515.770299, 85
1586366515.791611, 85
1586366515.811590, 86
1586366515.831165, 84
1586366515.852379, 85
1586366515.871724, 85
1586366515.891337, 85
1586366515.910451, 85
1586366515.930092, 85
1586366515.950110, 85
1586366515.969610, 85
1586366515.989388, 85
1586366516.008603, 85
1586366516.031445, 87
1586366516.051113, 84
1586366516.072241, 85
1586366516.106354, 85
1586366516.126772, 86
1586366516.147006, 85
1586366516.167993, 85
1586366516.187795, 86
1586366516.210253, 86
1586366516.232711, 86
1586366516.253605, 85
1586366516.274033, 86
1586366516.296216, 86
1586366516.317816, 85
1586366516.340002, 87
1586366516.360350, 85
1586366516.380196, 86
1586366516.400475, 87
1586366516.421248, 87
1586366516.441620, 86
1586366516.461248, 86
1586366516.483400, 86
1586366516.502746, 87
1586366516.522751, 85
1586366516.543473, 86
1586366516.563274, 87
1586366516.582059, 86
1586366516.602793, 86
1586366516.626246, 87
1586366516.646687, 87
1586366516.666830, 87
1586366516.687778, 88
1586366516.707853, 87
1586366516.727560, 87
1586366516.747508, 86
1586366516.767128, 87
1586366516.787067, 87
1586366516.806839, 85
1586366516.826178, 87
1586366516.847728, 87
1586366516.870357, 88
1586366516.891706, 87
1586366516.911363, 86
1586366516.933481, 87
1586366516.955381, 86
1586366516.976812, 87
1586366516.995836, 88
1586366517.016117, 88
1586366517.036937, 87
1586366517.058478, 87
1586366517.078825, 87
1586366517.099459, 87
1586366517.121730, 89
1586366517.142939, 88
1586366517.164618, 88
1586366517.183344, 88
1586366517.203173, 88
1586366517.224784, 90
1586366517.244154, 88
1586366517.263110, 88
1586366517.282160, 88
1586366517.301929, 88
1586366517.322053, 88
1586366517.342648, 88
1586366517.362502, 89
1586366517.383109, 89
1586366517.403721, 88
1586366517.423216, 87
1586366517.442535, 88
1586366517.461554, 88
1586366517.481335, 88
1586366517.499925, 88
1586366517.521381, 88
1586366517.543876, 88
1586366517.564406, 89
1586366517.584822, 88
1586366517.605006, 89
1586366517.623768, 89
1586366517.644720, 89
1586366517.664710, 90
1586366517.685690, 89
1586366517.704111, 89
1586366517.725880, 89
1586366517.745210, 90
1586366517.764331, 89
1586366517.783235, 90
1586366517.802500, 90
1586366517.823324, 90
1586366517.843974, 90
1586366517.863069, 90
1586366517.882604, 90
1586366517.902007, 90
1586366517.923554, 89
1586366517.943586, 89
1586366517.963910, 89
1586366517.983619, 88
1586366518.003813, 89
1586366518.024287, 90
1586366518.043661, 90
1586366518.062198, 90
1586366518.083863, 91
1586366518.103777, 90
1586366518.124048, 91
1586366518.145777, 90
1586366518.167093, 90
1586366518.187223, 90
1586366518.207413, 90
1586366518.226853, 90
1586366518.247542, 91
1586366518.266702, 90
1586366518.286953, 90
1586366518.308960, 89
1586366518.328511, 91
1586366518.349189, 90
1586366518.368254, 90
1586366518.388030, 91
1586366518.407202, 90
1586366518.426112, 91
1586366518.443042, 90
1586366518.459200, 91
1586366518.474786, 92
1586366518.491078, 89
1586366518.506499, 90
1586366518.523726, 91
1586366518.539479, 93
1586366518.555945, 90
1586366518.572549, 91
1586366518.589161, 92
1586366518.604934, 91
1586366518.620290, 91
1586366518.636907, 91
1586366518.653546, 92
1586366518.670117, 90
1586366518.686564, 91
1586366518.700250, 92
1586366518.713840, 92
1586366518.729614, 92
1586366518.743529, 91
1586366518.757240, 92
1586366518.770973, 92
1586366518.786336, 91
1586366518.800951, 91
1586366518.815362, 90
1586366518.829401, 92
1586366518.843166, 92
1586366518.857567, 91
1586366518.871342, 91
1586366518.885885, 92
1586366518.899693, 91
1586366518.914170, 92
1586366518.928916, 93
1586366518.942666, 93
1586366518.956110, 92
1586366518.969839, 93
1586366518.983567, 92
1586366518.997399, 91
1586366519.011659, 92
1586366519.025352, 93
1586366519.039124, 91
1586366519.054382, 91
1586366519.068021, 91
1586366519.082781, 92
1586366519.096930, 92
1586366519.110629, 92
1586366519.271414, 94
1586366519.291466, 93
1586366519.311515, 92
1586366519.332612, 93
1586366519.352587, 92
1586366519.374240, 92
1586366519.395763, 93
1586366519.417196, 92
1586366519.436255, 93
1586366519.455472, 92
1586366519.477628, 93
1586366519.497539, 92
1586366519.517797, 93
1586366519.540033, 92
1586366519.560969, 94
1586366519.580876, 93
1586366519.600771, 93
1586366519.623424, 94
1586366519.644464, 93
1586366519.666067, 94
1586366519.686422, 93
1586366519.706352, 93
1586366519.727724, 93
1586366519.748084, 93
1586366519.768211, 93
1586366519.788208, 95
1586366519.807663, 94
1586366519.828225, 93
1586366519.847776, 93
1586366519.868005, 93
1586366519.887157, 94
1586366519.906215, 94
1586366519.928276, 93
1586366519.947746, 93
1586366519.968916, 94
1586366519.988862, 94
1586366520.012002, 94
1586366520.031782, 93
1586366520.051417, 94
1586366520.268323, 96
1586366520.290473, 95
1586366520.317921, 94
1586366520.339646, 94
1586366520.354175, 94
1586366520.367994, 94
1586366520.382655, 96
1586366520.398120, 95
1586366520.412057, 94
1586366520.425590, 94
1586366520.439656, 94
1586366520.453699, 94
1586366520.467988, 94
1586366520.482283, 95
1586366520.496033, 95
1586366520.509570, 94
1586366520.523261, 95
1586366520.536803, 94
1586366520.551661, 94
1586366520.566162, 95
1586366520.580895, 95
1586366520.595671, 94
1586366520.610240, 95
1586366520.624651, 95
1586366520.638171, 93
1586366520.651896, 94
1586366520.665498, 95
1586366520.679480, 96
1586366520.693033, 95
1586366520.707461, 95
1586366520.722196, 95
1586366520.736602, 96
1586366520.750478, 95
1586366520.765000, 96
1586366520.779600, 96
1586366520.794237, 95
1586366520.808520, 95
1586366520.822243, 96
1586366520.836479, 95
1586366520.851207, 96
1586366520.864996, 96
1586366520.879141, 95
1586366520.893379, 96
1586366520.907119, 93
1586366520.921347, 96
1586366520.936076, 96
1586366520.950114, 95
1586366520.964042, 94
1586366520.979774, 96
1586366520.993582, 96
1586366521.009923, 96
1586366521.025780, 94
1586366521.039429, 95
1586366521.053318, 96
1586366521.274292, 97
1586366521.293565, 96
1586366521.312626, 96
1586366521.332216, 96
1586366521.351618, 95
1586366521.372591, 96
1586366521.391473, 96
1586366521.411647, 96
1586366521.433655, 96
1586366521.453245, 96
1586366521.473014, 96
1586366521.495277, 97
1586366521.515708, 96
1586366521.535099, 96
1586366521.555263, 96
1586366521.575557, 96
1586366521.595661, 97
1586366521.616630, 95
1586366521.636931, 96
1586366521.657320, 97
1586366521.677699, 97
1586366521.699305, 99
1586366521.720551, 96
1586366521.742563, 95
1586366521.763744, 97
1586366521.783694, 98
1586366521.803134, 96
1586366521.823070, 97
1586366521.843438, 96
1586366521.863505, 97
1586366521.883589, 98
1586366521.903179, 97
1586366521.923557, 97
1586366521.943576, 97
1586366521.962523, 97
1586366521.981427, 98
1586366522.001424, 98
1586366522.022316, 98
1586366522.042262, 97
1586366522.062287, 98
1586366522.082644, 98
1586366522.101978, 98
1586366522.122084, 98
1586366522.141474, 99
1586366522.161771, 98
1586366522.181292, 98
1586366522.201668, 99
1586366522.221040, 97
1586366522.240464, 97
1586366522.259514, 98
1586366522.278790, 97
1586366522.298157, 98
1586366522.318132, 97
1586366522.339611, 97
1586366522.358517, 97
1586366522.377518, 97
1586366522.396361, 100
1586366522.417174, 99
1586366522.437848, 98
1586366522.457399, 99
1586366522.476858, 98
1586366522.497172, 100
1586366522.516801, 99
1586366522.535959, 97
1586366522.555110, 97
1586366522.574355, 98
1586366522.593395, 99
1586366522.612494, 99
1586366522.632658, 99
1586366522.653457, 98
1586366522.673018, 97
1586366522.692459, 99
1586366522.712148, 98
1586366522.731348, 98
1586366522.746420, 99
1586366522.760052, 99
1586366522.777523, 98
1586366522.796852, 99
1586366522.815771, 99
1586366522.835875, 97
1586366522.855543, 99
1586366522.875148, 98
1586366522.894866, 99
1586366522.914144, 99
1586366522.935486, 98
1586366522.955062, 98
1586366522.975863, 98
1586366522.994746, 99
1586366523.013685, 99
1586366523.033033, 98
1586366523.052767, 98
1586366523.072541, 98
1586366523.092720, 100
1586366523.111358, 100
1586366523.131182, 98
1586366523.152097, 97
1586366523.169725, 97
1586366523.187905, 97
1586366523.202646, 98
1586366523.220131, 97
1586366523.235874, 98
1586366523.251430, 96
1586366523.265216, 96
1586366523.284132, 95
1586366523.298385, 90
1586366523.313216, 83
1586366523.328734, 77
1586366523.343627, 73
1586366523.357974, 65
1586366523.372741, 59
1586366523.387581, 53
1586366523.402913, 48
1586366523.416610, 46
1586366523.430941, 47
1586366523.447247, 46
1586366523.462847, 47
1586366523.479041, 45
1586366523.494815, 46
1586366523.509274, 49
1586366523.523077, 48
1586366523.537322, 47
1586366523.553142, 45
1586366523.567622, 46
1586366523.582840, 46
1586366523.597461, 47
1586366523.611808, 46
1586366523.625758, 47
1586366523.639828, 48
1586366523.654821, 47
1586366523.668586, 47
1586366523.683780, 47
1586366523.697905, 48
1586366523.712349, 47
1586366523.727750, 47
1586366523.741696, 48
1586366523.755887, 47
1586366523.769851, 47
1586366523.784893, 48
1586366523.799402, 48
1586366523.814861, 48
1586366523.831414, 48
1586366523.848304, 48
1586366523.863205, 48
1586366523.878654, 48
1586366523.895263, 48
1586366523.909578, 48
1586366523.926663, 47
1586366523.941012, 48
1586366523.955664, 49
1586366523.969557, 48
1586366523.984353, 48
1586366523.999334, 48
1586366524.013057, 50
1586366524.027840, 48
1586366524.042563, 48
1586366524.057313, 49
1586366524.071540, 48
1586366524.085149, 49
1586366524.098927, 48
1586366524.113256, 49
1586366524.127954, 50
1586366524.143510, 49
1586366524.157394, 50
1586366524.171130, 50
1586366524.184888, 49
1586366524.198678, 49
1586366524.212543, 50
1586366524.227176, 49
1586366524.240707, 49
1586366524.254315, 50
1586366524.267987, 49
1586366524.281888, 49
1586366524.295553, 52
1586366524.309156, 52
1586366524.327648, 51
1586366524.347587, 52
1586366524.363827, 51
1586366524.382969, 51
1586366524.398078, 52
1586366524.413731, 51
1586366524.431718, 50
1586366524.447206, 50
1586366524.461899, 51
1586366524.475854, 51
1586366524.490240, 50
1586366524.504905, 50
1586366524.519190, 53
1586366524.532877, 50
1586366524.547004, 50
1586366524.561798, 50
1586366524.576841, 51
1586366524.591295, 51
1586366524.605990, 50
1586366524.619704, 51
1586366524.635230, 51
1586366524.651107, 50
1586366524.664704, 50
1586366524.679093, 50
1586366524.696193, 52
1586366524.712666, 49
1586366524.731179, 53
1586366524.749909, 50
1586366524.766733, 50
1586366524.782392, 51
1586366524.800174, 52
1586366524.816848, 51
1586366524.831686, 52
1586366524.847304, 52
1586366524.861750, 51
1586366524.875587, 51
1586366524.890208, 50
1586366524.905864, 51
1586366524.919893, 52
1586366524.934255, 54
1586366524.948839, 52
1586366524.964450, 52
1586366524.978530, 52
1586366524.992898, 51
1586366525.008160, 52
1586366525.022954, 54
1586366525.039418, 54
1586366525.053370, 53
1586366525.069318, 54
1586366525.083989, 54
1586366525.097887, 52
1586366525.112794, 52
1586366525.126852, 53
1586366525.140435, 55
1586366525.157806, 52
1586366525.171880, 53
1586366525.185995, 52
1586366525.200882, 52
1586366525.214594, 53
1586366525.230760, 54
1586366525.244659, 53
1586366525.259619, 53
1586366525.274294, 52
1586366525.289546, 54
1586366525.305785, 53
1586366525.322493, 52
1586366525.336675, 52
1586366525.350836, 53
1586366525.366758, 55
1586366525.380667, 53
1586366525.395021, 53
1586366525.410931, 55
1586366525.425991, 56
1586366525.439749, 55
1586366525.455224, 53
1586366525.470416, 54
1586366525.486941, 54
1586366525.502343, 54
1586366525.516215, 54
1586366525.532434, 54
1586366525.549269, 56
1586366525.564536, 54
1586366525.579350, 54
1586366525.594091, 54
1586366525.607721, 54
1586366525.621905, 54
1586366525.638733, 56
1586366525.652534, 56
1586366525.670424, 56
1586366525.684209, 54
1586366525.700271, 55
1586366525.714485, 54
1586366525.728273, 55
1586366525.741958, 56
1586366525.755848, 55
1586366525.769841, 55
1586366525.783748, 55
1586366525.797675, 54
1586366525.812567, 55
1586366525.827122, 55
1586366525.841042, 57
1586366525.855543, 56
1586366525.870187, 55
1586366525.883847, 55
1586366525.898377, 55
1586366525.912094, 56
1586366525.926727, 55
1586366525.941421, 56
1586366525.956112, 55
1586366525.971670, 55
1586366525.986007, 56
1586366526.000254, 56
1586366526.015332, 56
1586366526.031259, 58
1586366526.119136, 57
1586366526.139367, 57
1586366526.161689, 56
1586366526.183161, 56
1586366526.197750, 57
1586366526.213411, 56
1586366526.228979, 56
1586366526.246680, 57
1586366526.262126, 57
1586366526.275902, 55
1586366526.292553, 57
1586366526.308410, 55
1586366526.322151, 55
1586366526.337884, 56
1586366526.353776, 57
1586366526.368587, 58
1586366526.383381, 57
1586366526.398414, 56
1586366526.413321, 56
1586366526.428023, 57
1586366526.442716, 57
1586366526.456391, 57
1586366526.470276, 56
1586366526.484032, 57
1586366526.498360, 57
1586366526.512859, 56
1586366526.529683, 58
1586366526.546137, 57
1586366526.561057, 57
1586366526.575565, 56
1586366526.589102, 58
1586366526.604549, 59
1586366526.619115, 57
1586366526.633035, 57
1586366526.646726, 57
1586366526.660476, 58
1586366526.674382, 59
1586366526.690464, 58
1586366526.704317, 58
1586366526.719082, 59
1586366526.733804, 58
1586366526.748893, 60
1586366526.767293, 60
1586366526.784162, 57
1586366526.800447, 57
1586366526.819422, 58
1586366526.834111, 57
1586366526.849584, 58
1586366526.864428, 58
1586366526.880197, 59
1586366526.897601, 58
1586366526.912344, 57
1586366526.926329, 58
1586366526.940434, 60
1586366526.955187, 59
1586366526.970320, 58
1586366526.986544, 59
1586366527.001388, 58
1586366527.022466, 59
1586366527.044295, 60
1586366527.065099, 60
1586366527.086858, 59
1586366527.107221, 58
1586366527.131138, 60
1586366527.152632, 60
1586366527.174378, 60
1586366527.194839, 58
1586366527.217191, 59
1586366527.282053, 60
1586366527.299716, 60
1586366527.316839, 60
1586366527.333422, 60
1586366527.354660, 60
1586366527.379270, 59
1586366527.400597, 60
1586366527.422976, 59
1586366527.444253, 59
1586366527.467100, 60
1586366527.487842, 61
1586366527.609109, 60
1586366527.678356, 62
1586366527.698140, 61
1586366527.720583, 62
1586366527.741369, 62
1586366527.763803, 62
1586366527.785197, 62
1586366527.805401, 62
1586366527.825845, 62
1586366527.845679, 62
1586366527.867845, 62
1586366527.889791, 62
1586366527.911049, 61
1586366527.933507, 63
1586366527.953423, 62
1586366527.973072, 62
1586366527.993073, 61
1586366528.015626, 60
1586366528.036811, 61
1586366528.056785, 62
1586366528.076519, 60
1586366528.096849, 61
1586366528.116293, 61
1586366528.135623, 62
1586366528.156310, 62
1586366528.175920, 62
1586366528.197007, 62
1586366528.216740, 62
1586366528.238282, 63
1586366528.259455, 62
1586366528.279881, 64
1586366528.300732, 61
1586366528.322967, 62
1586366528.343992, 63
1586366528.363486, 62
1586366528.384055, 62
1586366528.406083, 61
1586366528.425761, 62
1586366528.447481, 63
1586366528.469355, 63
1586366528.489692, 62
1586366528.509618, 63
1586366528.530041, 62
1586366528.550915, 64
1586366528.572464, 64
1586366528.592888, 63
1586366528.612345, 63
1586366528.634324, 63
1586366528.656523, 62
1586366528.677524, 65
1586366528.793737, 63
1586366528.808512, 66
1586366529.245035, 65
1586366529.266201, 66
1586366529.286549, 66
1586366529.307254, 67
1586366529.327124, 65
1586366529.347238, 65
1586366529.367701, 65
1586366529.387762, 65
1586366529.407968, 64
1586366529.427835, 64
1586366529.447558, 65
1586366529.468159, 64
1586366529.487753, 64
1586366529.504073, 64
1586366529.521683, 64
1586366529.539708, 64
1586366529.556841, 64
1586366529.573686, 65
1586366529.591232, 66
1586366529.609348, 64
1586366529.626998, 64
1586366529.644742, 64
1586366529.665120, 64
1586366529.685206, 66
1586366529.705781, 66
1586366529.726066, 65
1586366529.741823, 64
1586366529.758614, 67
1586366529.772566, 65
1586366529.786365, 65
1586366529.802450, 66
1586366529.817816, 64
1586366529.832200, 65
1586366529.846005, 64
1586366529.859950, 67
1586366529.876245, 65
1586366529.890547, 66
1586366529.905739, 66
1586366529.920948, 65
1586366529.937559, 66
1586366529.952251, 64
1586366529.968336, 66
1586366529.989154, 66
1586366530.006780, 66
1586366530.023265, 66
1586366530.037877, 65
1586366530.052680, 64
1586366530.067303, 66
1586366530.081199, 66
1586366530.094766, 68
1586366530.110225, 67
1586366530.128088, 65
1586366530.148414, 67
1586366530.171703, 67
1586366530.186247, 67
1586366530.203059, 66
1586366530.218849, 65
1586366530.234269, 65
1586366530.251013, 65
1586366530.266455, 67
1586366530.283502, 67
1586366530.299872, 67
1586366530.317772, 68
1586366530.334443, 65
1586366530.350251, 66
1586366530.365739, 68
1586366530.380164, 67
1586366530.395854, 68
1586366530.409567, 67
1586366530.424272, 67
1586366530.437793, 67
1586366530.455208, 67
1586366530.468888, 69
1586366530.485870, 68
1586366530.499644, 67
1586366530.513861, 67
1586366530.529580, 66
1586366530.548445, 67
1586366530.562218, 67
1586366530.575759, 69
1586366530.590758, 68
1586366530.605403, 67
1586366530.619332, 68
1586366530.633595, 68
1586366530.647739, 68
1586366530.662149, 69
1586366530.676735, 68
1586366530.692525, 69
1586366530.707045, 70
1586366530.722711, 71
1586366530.737540, 69
1586366530.751808, 68
1586366530.765416, 70
1586366530.781211, 72
1586366530.794803, 70
1586366530.809426, 70
1586366530.823282, 71
1586366530.837066, 69
1586366530.851127, 70
1586366530.865380, 70
1586366530.879082, 68
1586366530.895383, 69
1586366530.911294, 69
1586366530.924999, 69
1586366530.939495, 69
1586366530.953191, 67
1586366530.967223, 67
1586366530.980516, 69
1586366530.995198, 69
1586366531.010632, 70
1586366531.026461, 70
1586366531.040329, 70
1586366531.055049, 69
1586366531.068750, 67
1586366531.082601, 69
1586366531.097059, 68
1586366531.110362, 68
1586366531.131084, 67
1586366531.154710, 68
1586366531.268211, 69
1586366531.289076, 70
1586366531.310587, 71
1586366531.331713, 69
1586366531.352844, 69
1586366531.375545, 70
1586366531.398032, 70
1586366531.418287, 70
1586366531.437631, 69
1586366531.458211, 69
1586366531.482274, 71
1586366531.503247, 70
1586366531.523962, 70
1586366531.544153, 69
1586366531.566936, 71
1586366531.589117, 71
1586366531.611483, 70
1586366531.631816, 70
1586366531.651889, 71
1586366531.671399, 71
1586366531.691622, 71
1586366531.728483, 72
1586366531.744428, 72
1586366531.761451, 71
1586366531.779046, 72
1586366531.792598, 70
1586366531.807207, 71
1586366531.820966, 71
1586366531.834612, 71
1586366531.848223, 71
1586366531.863869, 71
1586366531.877405, 70
1586366531.891316, 71
1586366531.907742, 71
1586366531.921368, 71
1586366531.936107, 71
1586366531.950878, 70
1586366531.964353, 69
1586366531.979148, 70
1586366531.993794, 71
1586366532.007802, 72
1586366532.021698, 71
1586366532.036694, 71
1586366532.051979, 71
1586366532.066732, 73
1586366532.083429, 71
1586366532.096856, 72
1586366532.111491, 72
1586366532.125524, 71
1586366532.140771, 72
1586366532.155239, 72
1586366532.168855, 70
1586366532.184750, 72
1586366532.198669, 72
1586366532.212777, 72
1586366532.227013, 73
1586366532.242323, 71
1586366532.257939, 73
1586366532.272312, 72
1586366532.288969, 70
1586366532.303455, 72
1586366532.318639, 73
1586366532.335292, 72
1586366532.355323, 72
1586366532.375285, 71
1586366532.395325, 73
1586366532.415179, 72
1586366532.436536, 72
1586366532.459215, 72
1586366532.478664, 72
1586366532.498709, 73
1586366532.519062, 73
1586366532.537307, 73
1586366532.559244, 73
1586366532.580896, 72
1586366532.601269, 73
1586366532.623469, 72
1586366532.643505, 72
1586366532.665053, 72
1586366532.685130, 73
1586366532.707311, 73
1586366532.728430, 72
1586366532.751885, 72
1586366532.772947, 72
1586366532.795707, 72
1586366532.816553, 73
1586366532.835424, 74
1586366532.855393, 73
1586366532.875095, 72
1586366532.895558, 72
1586366532.919568, 73
1586366532.939981, 73
1586366532.959342, 73
1586366532.978595, 73
1586366532.999823, 72
1586366533.019819, 74
1586366533.039970, 74
1586366533.060447, 74
1586366533.083171, 74
1586366533.103481, 72
1586366533.124264, 75
1586366533.146391, 73
1586366533.167363, 75
1586366533.280487, 75
1586366533.299963, 75
1586366533.319410, 75
1586366533.341367, 74
1586366533.361421, 74
1586366533.407299, 76
1586366533.427157, 75
1586366533.447070, 75
1586366533.468356, 75
1586366533.487592, 75
1586366533.507943, 74
1586366533.530146, 76
1586366533.550048, 76
1586366533.569986, 75
1586366533.590557, 76
1586366533.610870, 74
1586366533.631758, 75
1586366533.651453, 76
1586366533.670150, 76
1586366533.689262, 75
1586366533.709595, 76
1586366533.728717, 76
1586366533.749154, 76
1586366533.769250, 75
1586366533.789460, 76
1586366533.810284, 75
1586366533.829924, 76
1586366533.850017, 77
1586366533.937750, 77
1586366533.958091, 76
1586366533.977205, 76
1586366533.996741, 75
1586366534.018319, 77
1586366534.038069, 77
1586366534.058050, 78
1586366534.077212, 78
1586366534.096538, 77
1586366534.115772, 78
1586366534.135343, 76
1586366534.155577, 76
1586366534.177924, 76
1586366534.198267, 76
1586366534.218939, 76
1586366534.240446, 75
1586366534.260029, 77
1586366534.279184, 77
1586366534.299382, 77
1586366534.319735, 78
1586366534.339849, 76
1586366534.359144, 76
1586366534.379346, 77
1586366534.399813, 77
1586366534.419219, 77
1586366534.439733, 76
1586366534.460816, 76
1586366534.481763, 77
1586366534.503007, 78
1586366534.522407, 78
1586366534.821496, 78
1586366534.840410, 78
1586366534.860081, 78
1586366534.879790, 77
1586366534.900123, 78
1586366534.920566, 78
1586366534.941686, 78
1586366534.963061, 77
1586366534.984385, 77
1586366535.004201, 77
1586366535.022492, 79
1586366535.040880, 78
1586366535.060570, 79
1586366535.081243, 78
1586366535.101163, 77
1586366535.122271, 79
1586366535.143599, 78
1586366535.169831, 79
1586366535.191000, 79
1586366535.212307, 77
1586366535.232078, 78
1586366535.251691, 78
1586366535.271929, 77
1586366535.292797, 79
1586366535.313140, 78
1586366535.335292, 80
1586366535.356438, 78
1586366535.375905, 79
1586366535.397936, 79
1586366535.419111, 77
1586366535.439314, 79
1586366535.460530, 79
1586366535.480737, 79
1586366535.500583, 78
1586366535.522747, 79
1586366535.542423, 79
1586366535.562748, 80
1586366535.583487, 81
1586366535.602513, 78
1586366535.622188, 80
1586366535.642329, 79
1586366535.661967, 79
1586366535.681578, 80
1586366535.702522, 80
1586366535.722405, 80
1586366535.743220, 80
1586366535.763516, 79
1586366535.783477, 81
1586366535.803708, 79
1586366535.823908, 79
1586366535.844110, 79
1586366535.863987, 81
1586366535.884120, 80
1586366535.904913, 80
1586366535.924314, 79
1586366535.944668, 80
1586366535.964430, 81
1586366535.984139, 80
1586366536.003940, 79
1586366536.024659, 80
1586366536.045266, 80
1586366536.066492, 80
1586366536.087877, 81
1586366536.107299, 79
1586366536.137165, 81
1586366536.156827, 81
1586366536.176951, 82
1586366536.199477, 81
1586366536.219236, 81
1586366536.239742, 80
1586366536.259321, 82
1586366536.281563, 81
1586366536.302025, 81
1586366536.324504, 81
1586366536.347055, 81
1586366536.366670, 83
1586366536.385632, 82
1586366536.406530, 83
1586366536.426628, 82
1586366536.446707, 82
1586366536.466434, 82
1586366536.486532, 83
1586366536.506160, 81
1586366536.525920, 82
1586366536.545102, 81
1586366536.561479, 82
1586366536.577596, 82
1586366536.593769, 83
1586366536.610615, 82
1586366536.627200, 82
1586366536.643524, 82
1586366536.660044, 82
1586366536.676898, 82
1586366536.693448, 82
1586366536.710086, 81
1586366536.726588, 82
1586366536.743072, 82
1586366536.759841, 82
1586366536.776097, 82
1586366536.791883, 84
1586366536.807884, 83
1586366536.823836, 83
1586366536.840836, 81
1586366536.857090, 84
1586366536.873095, 83
1586366536.889390, 82
1586366536.905323, 83
1586366536.921728, 84
1586366536.938221, 82
1586366536.954912, 83
1586366536.971663, 84
1586366536.987258, 83
1586366537.004398, 83
1586366537.020062, 83
1586366537.036994, 83
1586366537.053540, 84
1586366537.070107, 83
1586366537.086155, 84
1586366537.102255, 83
1586366537.118287, 83
1586366537.135534, 83
1586366537.153158, 81
1586366537.169909, 83
1586366537.186192, 83
1586366537.203209, 84
1586366537.219724, 83
1586366537.235993, 84
1586366537.252847, 82
1586366537.270232, 83
1586366537.286884, 84
1586366537.303089, 84
1586366537.320160, 84
1586366537.339201, 84
1586366537.355094, 83
1586366537.371135, 83
1586366537.387101, 84
1586366537.406644, 84
1586366537.423756, 85
1586366537.440227, 83
1586366537.456967, 85
1586366537.472999, 85
1586366537.492088, 83
1586366537.506622, 84
1586366537.523296, 83
1586366537.538927, 84
1586366537.552627, 83
1586366537.567155, 84
1586366537.581037, 83
1586366537.594814, 85
1586366537.611014, 84
1586366537.624863, 84
1586366537.639432, 85
1586366537.654043, 85
1586366537.669820, 86
1586366537.683584, 84
1586366537.697902, 85
1586366537.711754, 86
1586366537.727284, 84
1586366537.742869, 84
1586366537.758446, 86
1586366537.775052, 87
1586366537.789598, 84
1586366537.803488, 85
1586366537.818138, 85
1586366537.832497, 85
1586366537.846145, 84
1586366537.860189, 84
1586366537.874456, 85
1586366537.888330, 86
1586366537.902058, 85
1586366537.915667, 85
1586366537.930138, 86
1586366537.944048, 84
1586366537.958430, 85
1586366537.972083, 85
1586366537.985881, 86
1586366537.999565, 85
1586366538.014077, 85
1586366538.028718, 85
1586366538.042435, 86
1586366538.056145, 85
1586366538.070697, 84
1586366538.086323, 86
1586366538.099999, 85
1586366538.116436, 85
1586366538.130975, 86
1586366538.144652, 86
1586366538.158485, 86
1586366538.172263, 87
1586366538.190470, 85
1586366538.207205, 86
1586366538.278406, 87
1586366538.774511, 90
1586366538.794352, 87
1586366538.811302, 88
1586366538.825523, 87
1586366538.839304, 88
1586366538.854078, 88
1586366538.874193, 88
1586366538.893883, 88
1586366538.914117, 87
1586366538.927956, 87
1586366538.943568, 86
1586366538.959133, 86
1586366538.975766, 86
1586366538.991432, 87
1586366539.005809, 87
1586366539.020664, 87
1586366539.037780, 88
1586366539.052785, 86
1586366539.067530, 85
1586366539.265794, 85
1586366539.279346, 86
1586366539.293163, 87
1586366539.307636, 87
1586366539.321351, 86
1586366539.337056, 85
1586366539.352681, 86
1586366539.369232, 86
1586366539.382972, 86
1586366539.396312, 86
1586366539.411992, 86
1586366539.427618, 86
1586366539.443290, 86
1586366539.457894, 86
1586366539.475411, 88
1586366539.490158, 86
1586366539.503788, 86
1586366539.517352, 87
1586366539.534121, 88
1586366539.548746, 87
1586366539.565590, 85
1586366539.582120, 88
1586366539.595709, 86
1586366539.610449, 86
1586366539.626937, 87
1586366539.643661, 86
1586366539.657454, 87
1586366539.671110, 86
1586366539.685509, 87
1586366539.700173, 87
1586366539.715875, 85
1586366539.730412, 86
1586366539.743993, 88
1586366539.758835, 88
1586366539.819347, 88
1586366539.832827, 89
1586366539.846561, 86
1586366540.246850, 89
1586366540.261394, 89
1586366540.275165, 88
1586366540.288962, 90
1586366540.306316, 91
1586366540.322865, 89
1586366540.337437, 87
1586366540.352325, 88
1586366540.366958, 89
1586366540.382403, 89
1586366540.397005, 89
1586366540.411803, 88
1586366540.426376, 87
1586366540.440047, 88
1586366540.453595, 88
1586366540.469262, 87
1586366540.482848, 89
1586366540.499594, 89
1586366540.514123, 88
1586366540.527898, 88
1586366540.542524, 88
1586366540.556994, 87
1586366540.570696, 87
1586366540.585300, 86
1586366540.602076, 88
1586366540.619577, 87
1586366540.637105, 89
1586366540.652767, 88
1586366540.667556, 91
1586366540.683115, 90
1586366540.696644, 89
1586366540.711355, 89
1586366540.730662, 87
1586366540.749077, 89
1586366540.763849, 89
1586366540.779403, 90
1586366540.795967, 89
1586366540.817387, 89
1586366540.831177, 88
1586366540.846563, 88
1586366540.861390, 90
1586366540.875812, 90
1586366540.891455, 90
1586366540.905226, 89
1586366540.920856, 88
1586366540.934515, 89
1586366540.949135, 89
1586366540.963688, 89
1586366540.977064, 91
1586366540.992016, 91
1586366541.009480, 89
1586366541.027224, 90
1586366541.041762, 89
1586366541.058392, 90
1586366541.072983, 90
1586366541.086930, 90
1586366541.100251, 90
1586366541.115033, 89
1586366541.129540, 88
1586366541.143967, 89
1586366541.158618, 90
1586366541.172281, 91
1586366541.185947, 91
1586366541.199622, 90
1586366541.213305, 90
1586366541.227908, 90
1586366541.242785, 89
1586366541.257300, 91
1586366541.271928, 90
1586366541.286709, 88
1586366541.301122, 90
1586366541.315335, 89
1586366541.329545, 90
1586366541.343302, 90
1586366541.356780, 90
1586366541.370629, 90
1586366541.385108, 91
1586366541.399003, 91
1586366541.413375, 90
1586366541.427038, 90
1586366541.440736, 91
1586366541.455344, 90
1586366541.468961, 91
1586366541.484694, 91
1586366541.498330, 91
1586366541.512897, 91
1586366541.527598, 90
1586366541.542202, 90
1586366541.555854, 90
1586366541.570545, 90
1586366541.585163, 90
1586366541.598797, 90
1586366541.612496, 90
1586366541.627574, 91
1586366541.642196, 91
1586366541.656093, 91
1586366541.669835, 91
1586366541.684530, 92
1586366541.698518, 91
1586366541.712170, 91
1586366541.726671, 91
1586366541.740522, 91
1586366541.753909, 92
1586366541.767575, 90
1586366541.782036, 92
1586366541.795784, 91
1586366541.809859, 91
1586366541.823390, 92
1586366541.838692, 91
1586366541.853402, 91
1586366541.868002, 92
1586366541.881917, 91
1586366541.896359, 92
1586366541.910166, 91
1586366541.924637, 91
1586366541.938235, 92
1586366541.952917, 91
1586366541.966534, 91
1586366541.981356, 92
1586366541.995160, 91
1586366542.010967, 91
1586366542.026509, 90
1586366542.041193, 91
1586366542.054908, 90
1586366542.071436, 92
1586366542.087070, 93
1586366542.101034, 91
1586366542.115347, 91
1586366542.131052, 93
1586366542.144726, 92
1586366542.160519, 92
1586366542.177128, 92
1586366542.192869, 93
1586366542.208666, 92
1586366542.226192, 92
1586366542.244961, 92
1586366542.265418, 91
1586366542.284931, 93
1586366542.308382, 92
1586366542.328937, 92
1586366542.348714, 93
1586366542.367807, 92
1586366542.386827, 93
1586366542.405713, 92
1586366542.427227, 92
1586366542.445981, 92
1586366542.464617, 92
1586366542.483833, 93
1586366542.505236, 91
1586366542.523797, 92
1586366542.542764, 92
1586366542.560917, 92
1586366542.575960, 92
1586366542.590001, 95
1586366542.607051, 92
1586366542.620805, 93
1586366542.638495, 93
1586366542.656957, 93
1586366542.676139, 94
1586366542.695283, 94
1586366542.715531, 95
1586366542.730436, 93
1586366542.746146, 94
1586366542.761357, 93
1586366542.777924, 93
1586366542.798012, 94
1586366542.816720, 94
1586366542.835464, 93
1586366542.854351, 94
1586366542.874072, 93
1586366542.893631, 95
1586366542.913114, 94
1586366542.933795, 94
1586366542.954238, 94
1586366542.972782, 94
1586366542.991774, 94
1586366543.010850, 93
1586366543.030898, 93
1586366543.051392, 94
1586366543.073057, 94
1586366543.093074, 96
1586366543.113562, 96
1586366543.135468, 94
1586366543.154423, 95
1586366543.176337, 95
1586366543.195269, 95
1586366543.215003, 94
1586366543.234662, 95
1586366543.253694, 95
1586366543.272492, 94
1586366543.291942, 94
1586366543.310675, 94
1586366543.329349, 94
1586366543.348048, 94
1586366543.369926, 94
1586366543.389578, 95
1586366543.409454, 96
1586366543.424224, 95
1586366543.442738, 93
1586366543.457319, 94
1586366543.474970, 93
1586366543.488460, 95
1586366543.502107, 94
1586366543.516771, 93
1586366543.530395, 95
1586366543.544396, 94
1586366543.558115, 94
1586366543.573237, 94
1586366543.587063, 94
1586366543.602358, 95
1586366543.616255, 96
1586366543.630175, 95
1586366543.644457, 95
1586366543.659914, 95
1586366543.676740, 94
1586366543.692164, 96
1586366543.707787, 95
1586366543.721598, 96
1586366543.735279, 95
1586366543.748800, 95
1586366543.762476, 95
1586366543.778136, 96
1586366543.792790, 95
1586366543.808945, 97
1586366543.822543, 98
1586366543.837176, 96
1586366543.851035, 94
1586366543.865649, 95
1586366543.879882, 95
1586366543.894517, 96
1586366543.910132, 96
1586366543.923788, 95
1586366543.937603, 96
1586366543.953144, 96
1586366543.966792, 95
1586366543.981377, 95
1586366543.995070, 95
1586366544.009679, 95
1586366544.023381, 95
1586366544.037098, 96
1586366544.051215, 96
1586366544.065133, 95
1586366544.079661, 97
1586366544.093787, 95
1586366544.107940, 97
1586366544.122381, 96
1586366544.137136, 95
1586366544.151117, 96
1586366544.166566, 96
1586366544.181335, 94
1586366544.195236, 96
1586366544.209764, 96
1586366544.224471, 97
1586366544.238904, 95
1586366544.255436, 96
1586366544.270172, 96
1586366544.287917, 95
1586366544.302388, 96
1586366544.317011, 97
1586366544.330748, 97
1586366544.345376, 97
1586366544.360041, 95
1586366544.373678, 95
1586366544.387564, 97
1586366544.402921, 98
1586366544.416581, 97
1586366544.431342, 96
1586366544.448138, 95
1586366544.462013, 95
1586366544.475915, 97
1586366544.490537, 96
1586366544.504457, 97
1586366544.518131, 97
1586366544.533544, 97
1586366544.551009, 97
1586366544.566006, 96
1586366544.581221, 95
1586366544.596200, 98
1586366544.611820, 99
1586366544.626232, 96
1586366544.641105, 97
1586366544.654848, 97
1586366544.669092, 97
1586366544.688119, 98
1586366544.702608, 97
1586366544.717632, 98
1586366544.733115, 98
1586366544.747768, 96
1586366544.763303, 95
1586366544.777167, 97
1586366544.790799, 97
1586366544.804980, 98
1586366544.821635, 98
1586366544.835294, 97
1586366544.851024, 98
1586366544.866639, 96
1586366544.881294, 95
1586366544.894994, 96
1586366544.909639, 98
1586366544.924200, 97
1586366544.937900, 97
1586366544.951571, 97
1586366544.965191, 96
1586366544.979878, 97
1586366544.993511, 96
1586366545.008280, 97
1586366545.021878, 97
1586366545.035669, 97
1586366545.049339, 98
1586366545.063043, 98
1586366545.076725, 97
1586366545.090413, 97
1586366545.104894, 97
1586366545.118521, 99
1586366545.132120, 98
1586366545.145787, 98
1586366545.160460, 98
1586366545.174078, 97
1586366545.187833, 96
1586366545.201402, 96
1586366545.217004, 97
1586366545.230670, 97
1586366545.245320, 96
1586366545.259201, 95
1586366545.272726, 96
1586366545.285719, 96
1586366545.300216, 96
1586366545.314210, 96
1586366545.331113, 96
1586366545.346320, 87
1586366545.360127, 83
1586366545.373967, 77
1586366545.390292, 71
1586366545.404988, 65
1586366545.419959, 61
1586366545.433736, 57
1586366545.448453, 47
1586366545.468697, 45
1586366545.488090, 45
1586366545.502724, 45
1586366545.518369, 46
1586366545.533938, 45
1586366545.548744, 45
1586366545.563317, 46
1586366545.579111, 45
1586366545.592587, 45
1586366545.625710, 46
1586366545.639325, 47
1586366545.653982, 48
1586366545.673498, 47
1586366545.694163, 46
1586366545.714869, 46
1586366545.733787, 48
1586366545.754426, 46
1586366545.773896, 47
1586366545.794552, 45
1586366545.815122, 47
1586366545.835352, 48
1586366545.855543, 47
1586366545.875038, 47
1586366545.892772, 47
1586366545.907058, 47
1586366545.920718, 47
1586366545.938374, 48
1586366545.952941, 48
1586366545.966586, 48
1586366545.980343, 46
1586366545.994018, 47
1586366546.007725, 49
1586366546.020942, 48
1586366546.034669, 48
1586366546.048525, 49
1586366546.062472, 49
1586366546.077292, 47
1586366546.092687, 47
1586366546.107391, 50
1586366546.121050, 47
1586366546.135887, 47
1586366546.149614, 50
1586366546.164296, 49
1586366546.178529, 48
1586366546.194794, 47
1586366546.215127, 48
1586366546.237223, 49
1586366546.258383, 48
1586366546.279663, 48
1586366546.299773, 49
1586366546.319965, 49
1586366546.339650, 50
1586366546.360230, 48
1586366546.527233, 49
1586366546.541537, 51
1586366546.556240, 49
1586366546.575661, 50
1586366546.595817, 51
1586366546.615914, 49
1586366546.636270, 50
1586366546.655858, 50
1586366546.675971, 49
1586366546.695765, 49
1586366546.714860, 49
1586366546.735315, 51
1586366546.756073, 50
1586366546.777026, 49
1586366546.797735, 50
1586366546.817677, 50
1586366546.838046, 50
1586366546.858592, 50
1586366546.879713, 51
1586366546.900435, 50
1586366546.919822, 50
1586366546.940554, 52
1586366546.961465, 50
1586366546.982847, 51
1586366546.996534, 50
1586366547.010163, 51
1586366547.023826, 52
1586366547.037542, 52
1586366547.051210, 52
1586366547.064896, 52
1586366547.078511, 50
1586366547.092786, 51
1586366547.106536, 51
1586366547.120317, 51
1586366547.135138, 52
1586366547.149476, 54
1586366547.165229, 51
1586366547.185745, 52
1586366547.206190, 52
1586366547.225807, 51
1586366547.246141, 51
1586366547.266632, 52
1586366547.287492, 52
1586366547.308726, 51
1586366547.328195, 52
1586366547.347874, 53
1586366547.367496, 53
1586366547.387642, 50
1586366547.407721, 52
1586366547.427922, 53
1586366547.447575, 52
1586366547.468441, 53
1586366547.487966, 53
1586366547.508087, 52
1586366547.526617, 53
1586366547.543099, 54
1586366547.556699, 54
1586366547.570413, 53
1586366547.584034, 54
1586366547.597749, 53
1586366547.611485, 53
1586366547.625106, 53
1586366547.640750, 54
1586366547.655330, 54
1586366547.669339, 54
1586366547.682919, 53
1586366547.696595, 54
1586366547.715692, 53
1586366547.734628, 53
1586366547.751425, 55
1586366547.768103, 53
1586366547.784664, 53
1586366547.803884, 54
1586366547.819923, 54
1586366547.835768, 55
1586366547.853256, 55
1586366547.870375, 54
1586366547.887097, 53
1586366547.903217, 54
1586366547.919691, 54
1586366547.936265, 54
1586366547.953789, 55
1586366547.969988, 56
1586366547.986775, 54
1586366548.002822, 54
1586366548.020596, 55
1586366548.036991, 55
1586366548.053725, 56
1586366548.069707, 54
1586366548.086741, 55
1586366548.103172, 55
1586366548.119362, 55
1586366548.136560, 54
1586366548.152409, 56
1586366548.169303, 55
1586366548.185884, 55
1586366548.202455, 55
1586366548.216092, 54
1586366548.229782, 56
1586366548.244416, 57
1586366548.258054, 55
1586366548.271791, 57
1586366548.285374, 56
1586366548.299070, 56
1586366548.312708, 56
1586366548.326776, 56
1586366548.340325, 54
1586366548.353837, 58
1586366548.367618, 58
1586366548.381313, 56
1586366548.395123, 56
1586366548.409704, 56
1586366548.423268, 57
1586366548.437029, 55
1586366548.451704, 56
1586366548.465391, 57
1586366548.479275, 56
1586366548.495223, 57
1586366548.512246, 56
1586366548.528483, 57
1586366548.546364, 56
1586366548.564419, 58
1586366548.581105, 58
1586366548.599200, 57
1586366548.616834, 56
1586366548.632486, 56
1586366548.649438, 58
1586366548.667294, 56
1586366548.684026, 57
1586366548.700750, 57
1586366548.717242, 56
1586366548.733628, 57
1586366548.751712, 59
1586366548.768752, 58
1586366548.787293, 57
1586366548.803566, 57
1586366548.820336, 57
1586366548.836596, 57
1586366548.852503, 59
1586366548.868944, 57
1586366548.886543, 57
1586366548.904519, 57
1586366548.921740, 58
1586366548.938301, 58
1586366548.955611, 60
1586366548.972043, 59
1586366548.987869, 59
1586366549.003504, 57
1586366549.020009, 58
1586366549.039339, 57
1586366549.060269, 59
1586366549.080094, 60
1586366549.100010, 59
1586366549.119488, 58
1586366549.139486, 58
1586366549.159142, 59
1586366549.179094, 58
1586366549.198799, 60
1586366549.220255, 58
1586366549.242119, 59
1586366549.261868, 60
1586366549.283130, 59
1586366549.307701, 58
1586366549.327724, 59
1586366549.347974, 59
1586366549.368737, 60
1586366549.389080, 60
1586366549.409062, 59
1586366549.428710, 59
1586366549.449188, 58
1586366549.468116, 60
1586366549.487303, 60
1586366549.507284, 59
1586366549.527304, 61
1586366549.546635, 60
1586366549.566768, 62
1586366549.585282, 61
1586366549.598934, 61
1586366549.612690, 60
1586366549.627292, 60
1586366549.641903, 60
1586366549.655542, 61
1586366549.669196, 60
1586366549.683918, 61
1586366549.697564, 62
1586366549.711203, 60
1586366549.724900, 60
1586366549.738522, 60
1586366549.752202, 61
1586366549.767820, 61
1586366549.781484, 60
1586366549.799098, 61
1586366549.812704, 60
1586366549.827385, 60
1586366549.840974, 61
1586366549.854704, 61
1586366549.869318, 62
1586366549.882963, 62
1586366549.897646, 61
1586366549.911376, 61
1586366549.924910, 60
1586366549.938583, 62
1586366549.952246, 61
1586366549.965944, 62
1586366549.979646, 62
1586366549.993286, 62
1586366550.006932, 61
1586366550.020683, 62
1586366550.034267, 61
1586366550.047935, 62
1586366550.062567, 62
1586366550.077342, 62
1586366550.090967, 62
1586366550.104542, 62
1586366550.118422, 62
1586366550.133008, 62
1586366550.146901, 63
1586366550.161589, 63
1586366550.180150, 63
1586366550.197978, 63
1586366550.217153, 61
1586366550.234741, 63
1586366550.252077, 61
1586366550.270897, 62
1586366550.289362, 64
1586366550.307253, 64
1586366550.325639, 62
1586366550.343310, 62
1586366550.360416, 63
1586366550.378116, 63
1586366550.395875, 63
1586366550.413599, 62
1586366550.431264, 62
1586366550.448384, 62
1586366550.466358, 64
1586366550.484395, 64
1586366550.502000, 63
1586366550.519717, 63
1586366550.538033, 63
1586366550.556825, 63
1586366550.574047, 64
1586366550.591214, 65
1586366550.609520, 62
1586366550.627513, 64
1586366550.645775, 63
1586366550.664161, 64
1586366550.682784, 64
1586366550.699940, 65
1586366550.717334, 64
1586366550.737798, 63
1586366550.757522, 62
1586366550.778181, 64
1586366550.796021, 64
1586366550.863957, 66
1586366550.884607, 65
1586366550.903892, 65
1586366550.923326, 65
1586366550.943374, 66
1586366550.971068, 67
1586366550.991204, 65
1586366551.011874, 65
1586366551.031189, 65
1586366551.051879, 65
1586366551.073576, 65
1586366551.096909, 65
1586366551.117180, 65
1586366551.137432, 63
1586366551.159098, 64
1586366551.180317, 65
1586366551.201174, 66
1586366551.221083, 66
1586366551.241506, 64
1586366551.261208, 65
1586366551.280188, 65
1586366551.299175, 66
1586366551.319145, 67
1586366551.341739, 63
1586366551.361596, 65
1586366551.382213, 66
1586366551.401827, 66
1586366551.422476, 66
1586366551.442097, 65
1586366551.462563, 66
1586366551.483170, 67
1586366551.503499, 67
1586366551.523429, 66
1586366551.542746, 65
1586366551.562917, 66
1586366551.582493, 68
1586366551.602128, 68
1586366551.621921, 66
1586366551.641758, 66
1586366551.661425, 65
1586366551.681926, 68
1586366551.701700, 67
1586366551.721366, 67
1586366551.741157, 67
1586366551.761686, 65
1586366551.783313, 66
1586366551.803702, 68
1586366551.823092, 67
1586366551.844165, 67
1586366551.863164, 66
1586366551.883857, 66
1586366551.979065, 68
1586366551.999829, 69
1586366552.019844, 69
1586366552.039008, 67
1586366552.058603, 68
1586366552.079490, 68
1586366552.099134, 68
1586366552.120503, 68
1586366552.139943, 67
1586366552.159795, 67
1586366552.179521, 68
1586366552.199261, 68
1586366552.218073, 68
1586366552.237176, 68
1586366552.257780, 67
1586366552.276668, 67
1586366552.296993, 69
1586366552.317367, 69
1586366552.339647, 69
1586366552.360042, 68
1586366552.380226, 67
1586366552.399970, 70
1586366552.419114, 69
1586366552.438531, 68
1586366552.458392, 70
1586366552.477906, 68
1586366552.499640, 70
1586366552.521695, 69
1586366552.542402, 69
1586366552.562863, 68
1586366552.583378, 68
1586366552.604736, 69
1586366552.626555, 68
1586366552.689782, 68
1586366552.711304, 70
1586366552.730307, 69
1586366552.751247, 69
1586366552.772251, 69
1586366552.793695, 70
1586366552.814566, 70
1586366552.835263, 70
1586366552.856584, 69
1586366552.877232, 69
1586366552.897881, 71
1586366552.917250, 71
1586366552.935898, 70
1586366552.954744, 71
1586366552.974638, 69
1586366552.994308, 70
1586366553.013745, 70
1586366553.032611, 70
1586366553.051943, 71
1586366553.071159, 70
1586366553.089970, 69
