1586365508.358744, 0
1586365508.372446, 0
1586365508.386006, 0
1586365508.413925, 7
1586365508.427409, 0
1586365508.443751, 8
1586365508.459595, 7
1586365508.475052, 13
1586365508.488684, 16
1586365508.502390, 19
1586365508.516379, 20
1586365508.529906, 24
1586365508.543623, 27
1586365508.557127, 32
1586365508.572034, 38
1586365508.585594, 42
1586365508.599154, 44
1586365508.613797, 50
1586365508.627498, 49
1586365508.642060, 50
1586365508.655816, 49
1586365508.670377, 50
1586365508.685145, 50
1586365508.699503, 50
1586365508.720151, 50
1586365508.733827, 50
1586365508.747643, 49
1586365508.761513, 49
1586365508.776897, 49
1586365508.790676, 49
1586365508.805073, 50
1586365508.819620, 50
1586365508.833445, 50
1586365508.847156, 48
1586365508.860410, 49
1586365508.873711, 49
1586365508.887939, 50
1586365508.902263, 49
1586365508.916387, 50
1586365508.930924, 49
1586365508.945576, 50
1586365508.960240, 50
1586365508.974366, 50
1586365508.988096, 50
1586365509.002776, 48
1586365509.016528, 47
1586365509.030282, 49
1586365509.044544, 49
1586365509.059403, 50
1586365509.073139, 49
1586365509.088011, 50
1586365509.102445, 49
1586365509.116177, 48
1586365509.130562, 49
1586365509.145014, 48
1586365509.160054, 46
1586365509.173731, 44
1586365509.188261, 47
1586365509.201692, 48
1586365509.215342, 49
1586365509.229411, 49
1586365509.243271, 48
1586365509.257868, 45
1586365509.272319, 43
1586365509.285878, 45
1586365509.299995, 48
1586365509.321782, 46
1586365509.335515, 45
1586365509.349982, 48
1586365509.363389, 44
1586365509.377403, 43
1586365509.391894, 47
1586365509.405792, 46
1586365509.419416, 44
1586365509.433209, 42
1586365509.449462, 41
1586365509.462831, 37
1586365509.477145, 38
1586365509.491363, 40
1586365509.505909, 38
1586365509.520521, 37
1586365509.534126, 35
1586365509.548847, 35
1586365509.562413, 34
1586365509.575950, 35
1586365509.589759, 35
1586365509.603527, 36
1586365509.617031, 36
1586365509.630672, 37
1586365509.644560, 35
1586365509.658173, 35
1586365509.672804, 34
1586365509.686043, 33
1586365509.700429, 36
1586365509.714151, 35
1586365509.727756, 35
1586365509.741660, 34
1586365509.755284, 35
1586365509.769108, 35
1586365509.782743, 35
1586365509.796428, 35
1586365509.811922, 36
1586365509.826131, 36
1586365509.840331, 34
1586365509.854506, 35
1586365509.869266, 35
1586365509.883243, 36
1586365509.903390, 37
1586365509.923312, 36
1586365509.936825, 36
1586365509.952393, 34
1586365509.967003, 35
1586365509.982523, 37
1586365509.996122, 36
1586365510.010994, 35
1586365510.025505, 37
1586365510.041247, 36
1586365510.056069, 37
1586365510.069885, 35
1586365510.083535, 37
1586365510.099812, 38
1586365510.114331, 38
1586365510.130995, 37
1586365510.144991, 38
1586365510.159251, 37
1586365510.172882, 37
1586365510.186754, 37
1586365510.200423, 37
1586365510.213970, 38
1586365510.229016, 36
1586365510.243109, 37
1586365510.257893, 37
1586365510.272849, 38
1586365510.287586, 37
1586365510.302119, 38
1586365510.315981, 39
1586365510.330378, 39
1586365510.345099, 38
1586365510.359737, 38
1586365510.374314, 37
1586365510.388114, 39
1586365510.401840, 38
1586365510.416332, 38
1586365510.431036, 38
1586365510.445615, 38
1586365510.459305, 37
1586365510.473628, 38
1586365510.487157, 38
1586365510.502238, 39
1586365510.523025, 39
1586365510.537272, 40
1586365510.551350, 39
1586365510.564924, 38
1586365510.578502, 38
1586365510.592380, 38
1586365510.607348, 39
1586365510.620791, 39
1586365510.634872, 39
1586365510.648702, 39
1586365510.662441, 39
1586365510.677394, 39
1586365510.692177, 38
1586365510.706278, 40
1586365510.722009, 38
1586365510.735671, 40
1586365510.749460, 39
1586365510.765544, 40
1586365510.779189, 40
1586365510.792750, 41
1586365510.806412, 40
1586365510.820204, 41
1586365510.834036, 40
1586365510.847594, 40
1586365510.862260, 42
1586365510.876809, 41
1586365510.891466, 40
1586365510.906112, 41
1586365510.919866, 41
1586365510.933438, 40
1586365510.947267, 40
1586365510.961773, 41
1586365510.975255, 41
1586365510.989671, 41
1586365511.005275, 42
1586365511.020877, 40
1586365511.041497, 41
1586365511.060942, 42
1586365511.081045, 40
1586365511.100802, 43
1586365511.120239, 42
1586365511.139480, 42
1586365511.155728, 41
1586365511.170115, 42
1586365511.184069, 41
1586365511.197742, 41
1586365511.212303, 42
1586365511.226812, 42
1586365511.240406, 43
1586365511.254206, 42
1586365511.267963, 42
1586365511.282462, 42
1586365511.297016, 43
1586365511.312565, 43
1586365511.327431, 43
1586365511.342002, 42
1586365511.357329, 42
1586365511.373242, 42
1586365511.388892, 42
1586365511.404466, 42
1586365511.420139, 43
1586365511.435886, 44
1586365511.450683, 44
1586365511.465064, 44
1586365511.479691, 44
1586365511.495362, 43
1586365511.510873, 43
1586365511.526202, 43
1586365511.542021, 44
1586365511.557628, 44
1586365511.573275, 43
1586365511.587908, 44
1586365511.602568, 43
1586365511.618014, 44
1586365511.633839, 44
1586365511.649473, 44
1586365511.665078, 45
1586365511.680630, 44
1586365511.695486, 44
1586365511.710168, 45
1586365511.731799, 44
1586365511.748009, 43
1586365511.762718, 43
1586365511.778396, 44
1586365511.794823, 45
1586365511.809696, 45
1586365511.824864, 44
1586365511.839511, 44
1586365511.854113, 46
1586365511.870600, 46
1586365511.885438, 45
1586365511.900815, 45
1586365511.915720, 45
1586365511.931127, 45
1586365511.946133, 46
1586365511.961294, 44
1586365511.976203, 44
1586365511.991661, 44
1586365512.007379, 46
1586365512.022524, 45
1586365512.037642, 45
1586365512.054304, 45
1586365512.070030, 46
1586365512.085221, 47
1586365512.100945, 46
1586365512.115853, 46
1586365512.131825, 46
1586365512.146508, 46
1586365512.161858, 46
1586365512.176729, 46
1586365512.193098, 46
1586365512.212967, 47
1586365512.233845, 46
1586365512.255897, 46
1586365512.274532, 46
1586365512.294652, 46
1586365512.316227, 46
1586365512.336984, 46
1586365512.354360, 46
1586365512.367961, 46
1586365512.382594, 47
1586365512.396534, 47
1586365512.415389, 47
1586365512.435735, 47
1586365512.456606, 47
1586365512.475954, 47
1586365512.495658, 48
1586365512.515775, 49
1586365512.535466, 49
1586365512.554861, 48
1586365512.574148, 48
1586365512.593820, 48
1586365512.613448, 49
1586365512.629739, 48
1586365512.646224, 49
1586365512.661963, 49
1586365512.679826, 49
1586365512.696027, 48
1586365512.712826, 49
1586365512.729100, 47
1586365512.744898, 47
1586365512.761453, 49
1586365512.778186, 48
1586365512.794857, 48
1586365512.811165, 50
1586365512.827724, 49
1586365512.844178, 48
1586365512.860249, 48
1586365512.876246, 47
1586365512.892016, 47
1586365512.908609, 48
1586365512.924796, 47
1586365512.945966, 48
1586365512.960289, 48
1586365512.978042, 49
1586365512.992497, 47
1586365513.007322, 47
1586365513.020954, 50
1586365513.035127, 48
1586365513.048733, 48
1586365513.063369, 48
1586365513.082515, 45
1586365513.102859, 35
1586365513.123664, 30
1586365513.143636, 25
1586365513.164361, 25
1586365513.183371, 23
1586365513.203390, 20
1586365513.225667, 24
1586365513.246025, 24
1586365513.267311, 24
1586365513.287298, 23
1586365513.308246, 23
1586365513.327769, 23
1586365513.347913, 23
1586365513.368011, 22
1586365513.387953, 22
1586365513.407680, 23
1586365513.428325, 24
1586365513.448325, 24
1586365513.465177, 23
1586365513.481775, 22
1586365513.499112, 24
1586365513.517708, 23
1586365513.536222, 24
1586365513.555129, 25
1586365513.569589, 25
1586365513.584162, 24
1586365513.599076, 25
1586365513.621406, 28
1586365513.642933, 27
1586365513.663625, 26
1586365513.683557, 25
1586365513.704098, 24
1586365513.723790, 25
1586365513.744445, 27
1586365513.855546, 27
1586365513.876252, 26
1586365514.180046, 27
1586365514.201519, 27
1586365514.221838, 26
1586365514.239670, 27
1586365514.254483, 27
1586365514.269085, 26
1586365514.283984, 27
1586365514.298698, 27
1586365514.313323, 28
1586365514.328253, 26
1586365514.343060, 27
1586365514.357759, 27
1586365514.371795, 27
1586365514.386022, 26
1586365514.400655, 28
1586365514.416315, 28
1586365514.431036, 29
1586365514.445523, 29
1586365514.459412, 27
1586365514.473756, 28
1586365514.488406, 27
1586365514.503224, 28
1586365514.517221, 28
1586365514.531658, 29
1586365514.546212, 29
1586365514.560933, 29
1586365514.575417, 28
1586365514.590225, 29
1586365514.604354, 29
1586365514.618403, 29
1586365514.633099, 30
1586365514.648729, 29
1586365514.663386, 29
1586365514.678891, 29
1586365514.694608, 30
1586365514.709195, 29
1586365514.724925, 31
1586365514.739560, 30
1586365514.755246, 30
1586365514.770019, 30
1586365514.784234, 29
1586365514.800875, 31
1586365514.816667, 30
1586365514.831367, 30
1586365514.845543, 31
1586365515.071863, 33
1586365515.275259, 32
1586365515.295160, 34
1586365515.316532, 32
1586365515.339624, 32
1586365515.359657, 34
1586365515.380430, 34
1586365515.402330, 33
1586365515.421387, 34
1586365515.472838, 32
1586365515.854743, 33
1586365515.963118, 33
1586365515.983358, 32
1586365516.005043, 35
1586365516.024427, 34
1586365516.041330, 33
1586365516.056623, 32
1586365516.071195, 35
1586365516.085006, 34
1586365516.102781, 32
1586365516.119417, 31
1586365516.135697, 32
1586365516.151726, 31
1586365516.168576, 33
1586365516.184594, 32
1586365516.201587, 32
1586365516.217001, 31
1586365516.234238, 32
1586365516.250331, 31
1586365516.266571, 33
1586365516.282464, 31
1586365516.298289, 33
1586365516.313756, 32
1586365516.330210, 34
1586365516.346099, 33
1586365516.362004, 31
1586365516.377472, 33
1586365516.393916, 32
1586365516.410432, 34
1586365516.425911, 35
1586365516.441639, 32
1586365516.457167, 34
1586365516.472893, 34
1586365516.488613, 33
1586365516.505142, 34
1586365516.520887, 34
1586365516.536188, 33
1586365516.551876, 34
1586365516.567671, 34
1586365516.583265, 34
1586365516.598510, 35
1586365516.614065, 35
1586365516.635806, 35
1586365516.649439, 34
1586365516.663888, 35
1586365516.679744, 35
1586365516.695536, 35
1586365516.711156, 36
1586365516.726372, 35
1586365516.742168, 35
1586365516.757851, 35
1586365516.773471, 35
1586365516.790112, 37
1586365516.806001, 36
1586365516.821994, 36
1586365516.837197, 36
1586365516.853100, 35
1586365516.869475, 36
1586365516.885053, 36
1586365516.900468, 36
1586365516.916117, 36
1586365516.932005, 37
1586365516.948326, 36
1586365516.964168, 35
1586365516.980624, 36
1586365516.996464, 37
1586365517.012731, 38
1586365517.028404, 37
1586365517.043407, 38
1586365517.059177, 37
1586365517.075583, 37
1586365517.091859, 37
1586365517.108439, 37
1586365517.124307, 37
1586365517.139869, 37
1586365517.155582, 36
1586365517.171962, 37
1586365517.187882, 37
1586365517.203809, 38
1586365517.219977, 38
1586365517.238277, 38
1586365517.252139, 37
1586365517.266592, 37
1586365517.281232, 38
1586365517.296091, 38
1586365517.311114, 39
1586365517.324795, 37
1586365517.338850, 38
1586365517.352415, 37
1586365517.366473, 37
1586365517.380618, 38
1586365517.395552, 38
1586365517.410164, 37
1586365517.424062, 39
1586365517.438435, 39
1586365517.457689, 39
1586365517.477517, 39
1586365517.497018, 39
1586365517.517664, 39
1586365517.537224, 39
1586365517.558316, 38
1586365517.577666, 39
1586365517.597380, 39
1586365517.613873, 40
1586365517.629830, 40
1586365517.646188, 39
1586365517.663251, 41
1586365517.679174, 40
1586365517.694625, 40
1586365517.711682, 40
1586365517.727843, 41
1586365517.744806, 41
1586365517.761272, 40
1586365517.779321, 39
1586365517.795457, 39
1586365517.812029, 41
1586365517.832867, 40
1586365517.847575, 40
1586365517.862307, 40
1586365517.876196, 40
1586365517.889845, 42
1586365517.905730, 41
1586365517.924464, 40
1586365517.940441, 42
1586365517.956824, 41
1586365517.974480, 41
1586365517.991204, 41
1586365518.008768, 42
1586365518.026903, 41
1586365518.043476, 42
1586365518.069691, 40
1586365518.085771, 43
1586365518.102153, 42
1586365518.118438, 42
1586365518.137167, 42
1586365518.153697, 41
1586365518.170158, 42
1586365518.186310, 42
1586365518.203252, 41
1586365518.219229, 42
1586365518.235741, 43
1586365518.252823, 42
1586365518.269328, 42
1586365518.285961, 43
1586365518.302238, 43
1586365518.319156, 41
1586365518.336375, 44
1586365518.353211, 43
1586365518.370172, 43
1586365518.386699, 43
1586365518.403148, 44
1586365518.420419, 42
1586365518.440414, 43
1586365518.455347, 44
1586365518.474204, 43
1586365518.490663, 44
1586365518.508450, 44
1586365518.525074, 43
1586365518.543008, 43
1586365518.559943, 44
1586365518.575955, 43
1586365518.595562, 45
1586365518.612311, 43
1586365518.629712, 45
1586365518.646108, 44
1586365518.663034, 43
1586365518.678903, 45
1586365518.695241, 46
1586365518.715939, 44
1586365518.731951, 44
1586365518.749523, 44
1586365518.767479, 45
1586365518.784122, 45
1586365518.802416, 45
1586365518.820062, 44
1586365518.837888, 45
1586365518.855572, 43
1586365518.875103, 47
1586365518.896873, 45
1586365518.917956, 47
1586365518.937843, 45
1586365518.957204, 44
1586365518.976477, 44
1586365519.285066, 46
1586365519.305491, 46
1586365519.324099, 45
1586365519.338058, 46
1586365519.352815, 46
1586365519.369054, 46
1586365519.383642, 45
1586365519.401539, 46
1586365519.418415, 47
1586365519.435114, 46
1586365519.452857, 46
1586365519.469790, 45
1586365519.489302, 47
1586365519.505626, 46
1586365519.521064, 45
1586365519.841065, 48
1586365519.855547, 47
1586365519.869261, 46
1586365519.885850, 48
1586365519.899565, 46
1586365519.915224, 46
1586365519.931734, 47
1586365519.945431, 45
1586365519.959039, 47
1586365519.973687, 47
1586365519.987382, 47
1586365520.001094, 49
1586365520.014927, 48
1586365520.029260, 49
1586365520.048962, 48
1586365520.065487, 49
1586365520.080072, 47
1586365520.094727, 47
1586365520.111340, 47
1586365520.125861, 47
1586365520.142466, 47
1586365520.158111, 49
1586365520.173717, 48
1586365520.190420, 48
1586365520.204038, 47
1586365520.219135, 47
1586365520.235170, 48
1586365520.248756, 47
1586365520.262767, 49
1586365520.280994, 47
1586365520.299926, 48
1586365520.318793, 48
1586365520.337676, 48
1586365520.357238, 49
1586365520.375798, 48
1586365520.395575, 49
1586365520.414769, 48
1586365520.433401, 49
1586365520.452207, 48
1586365520.471598, 49
1586365520.492113, 48
1586365520.512935, 49
1586365520.531964, 48
1586365520.550662, 49
1586365520.569934, 49
1586365520.589616, 49
1586365520.608179, 47
1586365520.626376, 48
1586365520.645116, 49
1586365520.663826, 50
1586365520.683321, 50
1586365520.702510, 48
1586365520.720659, 48
1586365520.739117, 48
1586365520.756535, 49
1586365520.779931, 47
1586365520.798281, 47
1586365520.816520, 43
1586365520.835527, 36
1586365520.854152, 28
1586365520.871959, 22
1586365520.891182, 22
1586365521.250687, 23
1586365521.272233, 22
1586365521.291877, 23
1586365521.311253, 22
1586365521.330836, 21
1586365521.349937, 24
1586365521.371782, 24
1586365521.391766, 22
1586365521.411174, 21
1586365521.431503, 21
1586365521.452285, 23
1586365521.474880, 24
1586365521.494034, 23
1586365521.512935, 22
1586365521.534607, 23
1586365521.554141, 24
1586365521.574004, 23
1586365521.595296, 25
1586365521.615059, 23
1586365521.636287, 23
1586365521.656186, 24
1586365521.675241, 24
1586365521.697814, 24
1586365521.719914, 23
1586365521.742055, 24
1586365521.761236, 25
1586365521.780204, 26
1586365521.799549, 25
1586365521.818712, 24
1586365521.837934, 24
1586365521.857459, 27
1586365521.876011, 26
1586365521.895796, 26
1586365521.915075, 26
1586365521.934229, 26
1586365521.953369, 25
1586365521.972690, 26
1586365521.988239, 27
1586365522.003872, 28
1586365522.019553, 27
1586365522.035547, 26
1586365522.051154, 27
1586365522.067549, 29
1586365522.084132, 29
1586365522.099778, 29
1586365522.119259, 27
1586365522.135048, 26
1586365522.150357, 27
1586365522.166616, 28
1586365522.182435, 28
1586365522.198634, 28
1586365522.214734, 28
1586365522.230311, 28
1586365522.244945, 28
1586365522.259760, 28
1586365522.273511, 28
1586365522.287077, 29
1586365522.300558, 28
1586365522.314340, 29
1586365522.328903, 30
1586365522.342709, 28
1586365522.357317, 28
1586365522.371221, 29
1586365522.384883, 29
1586365522.398588, 30
1586365522.413206, 30
1586365522.426735, 30
1586365522.440520, 29
1586365522.454156, 29
1586365522.467818, 28
1586365522.481362, 30
1586365522.495199, 30
1586365522.509724, 31
1586365522.524181, 30
1586365522.538040, 30
1586365522.551774, 29
1586365522.565582, 30
1586365522.580107, 30
1586365522.594525, 31
1586365522.608754, 31
1586365522.622551, 31
1586365522.635976, 31
1586365522.649831, 30
1586365522.663497, 30
1586365522.677761, 31
1586365522.692100, 31
1586365522.706063, 31
1586365522.719779, 31
1586365522.738732, 30
1586365522.758216, 31
1586365522.778100, 31
1586365522.797817, 31
1586365522.817597, 32
1586365522.836896, 32
1586365522.855537, 31
1586365522.876065, 32
1586365522.895839, 33
1586365522.916189, 34
1586365522.936619, 32
1586365522.955546, 31
1586365522.976537, 34
1586365522.997246, 33
1586365523.017564, 33
1586365523.037539, 33
1586365523.057560, 31
1586365523.080102, 34
1586365523.099298, 33
1586365523.118527, 34
1586365523.138155, 34
1586365523.283820, 35
1586365523.304569, 33
1586365523.324056, 34
1586365523.343106, 34
1586365523.361381, 33
1586365523.380985, 34
1586365523.400541, 36
1586365523.419897, 34
1586365523.439252, 35
1586365523.458506, 34
1586365523.477718, 34
1586365523.497054, 35
1586365523.516656, 35
1586365523.536219, 35
1586365523.555799, 36
1586365523.577057, 34
1586365523.596085, 35
1586365523.615539, 35
1586365523.636160, 36
1586365523.655381, 36
1586365523.674050, 34
1586365523.693411, 35
1586365523.711437, 36
1586365523.731161, 37
1586365523.751487, 37
1586365523.771759, 34
1586365523.792887, 36
1586365523.815960, 35
1586365523.836689, 36
1586365523.857406, 36
1586365523.879183, 36
1586365523.899299, 37
1586365523.919394, 36
1586365523.939408, 38
1586365523.959183, 37
1586365523.978611, 37
1586365523.999208, 37
1586365524.019795, 36
1586365524.040483, 37
1586365524.059811, 39
1586365524.079690, 37
1586365524.099994, 38
1586365524.119808, 38
1586365524.140109, 37
1586365524.160098, 38
1586365524.180602, 37
1586365524.200555, 37
1586365524.221459, 38
1586365524.243263, 37
1586365524.262482, 40
1586365524.282313, 38
1586365524.302224, 39
1586365524.321581, 40
1586365524.341708, 39
1586365524.361192, 38
1586365524.381208, 40
1586365524.402935, 39
1586365524.423210, 39
1586365524.442848, 39
1586365524.462561, 39
1586365524.483483, 38
1586365524.502941, 39
1586365524.523438, 40
1586365524.543223, 40
1586365524.562870, 40
1586365524.583255, 39
1586365524.603290, 40
1586365524.624637, 42
1586365524.644895, 40
1586365524.667596, 40
1586365524.736415, 42
1586365524.756256, 40
1586365524.779941, 41
1586365524.800976, 40
1586365524.821965, 41
1586365524.839115, 42
1586365524.858174, 41
1586365524.874480, 41
1586365524.896931, 42
1586365524.916935, 41
1586365524.939947, 43
1586365524.960316, 42
1586365524.980081, 41
1586365525.000800, 40
1586365525.020963, 42
1586365525.041129, 42
1586365525.063477, 41
1586365525.083114, 42
1586365525.102016, 41
1586365525.128663, 43
1586365525.148854, 42
1586365525.169106, 40
1586365525.189068, 42
1586365525.208646, 43
1586365525.229285, 41
1586365525.249575, 42
1586365525.271081, 43
1586365525.290698, 42
1586365525.310486, 42
1586365525.329637, 42
1586365525.349339, 43
1586365525.368408, 43
1586365525.387803, 43
1586365525.407708, 44
1586365525.427541, 43
1586365525.447562, 44
1586365525.466761, 42
1586365525.487395, 44
1586365525.506845, 44
1586365525.526406, 44
1586365525.546538, 45
1586365525.567431, 44
1586365525.587889, 43
1586365525.608152, 44
1586365525.628589, 45
1586365525.647818, 45
1586365525.670053, 45
1586365525.689353, 45
1586365525.709290, 44
1586365525.730335, 43
1586365525.751342, 47
1586365525.880247, 46
1586365525.900060, 45
1586365525.920161, 46
1586365525.940738, 47
1586365525.959771, 46
1586365525.982374, 45
1586365526.003658, 45
1586365526.023198, 46
1586365526.042199, 46
1586365526.062301, 45
1586365526.084123, 46
1586365526.104873, 44
1586365526.124229, 46
1586365526.143753, 47
1586365526.163147, 46
1586365526.182726, 46
1586365526.203222, 45
1586365526.222498, 46
1586365526.243797, 45
1586365526.263252, 46
1586365526.283589, 48
1586365526.303730, 47
1586365526.322986, 46
1586365526.341787, 46
1586365526.361675, 47
1586365526.380931, 47
1586365526.399667, 47
1586365526.419169, 47
1586365526.438555, 48
1586365526.458282, 47
1586365526.477594, 47
1586365526.497505, 47
1586365526.516642, 49
1586365526.536355, 48
1586365526.555794, 48
1586365526.575466, 48
1586365526.595190, 47
1586365526.615269, 47
1586365526.635946, 47
1586365526.655172, 48
1586365526.674461, 48
1586365526.694345, 49
1586365526.714769, 49
1586365526.735489, 49
1586365526.755337, 48
1586365526.775136, 47
1586365526.794884, 50
1586365526.814635, 47
1586365526.836603, 47
1586365526.857680, 48
1586365526.877358, 47
1586365526.897659, 48
1586365526.917629, 48
1586365526.936630, 47
1586365526.959105, 49
1586365526.979118, 47
1586365526.999175, 49
1586365527.021747, 47
1586365527.041121, 48
1586365527.061018, 42
1586365527.079930, 35
1586365527.099217, 27
1586365527.119821, 21
1586365527.138818, 22
1586365527.158025, 22
1586365527.179064, 21
1586365527.201180, 23
1586365527.222655, 21
1586365527.243289, 21
1586365527.263287, 22
1586365527.284031, 21
1586365527.303691, 23
1586365527.323179, 22
1586365527.342288, 23
1586365527.362145, 23
1586365527.381300, 22
1586365527.400623, 24
1586365527.419835, 24
1586365527.438602, 23
1586365527.459378, 22
1586365527.481464, 23
1586365527.503557, 24
1586365527.522828, 24
1586365527.543993, 23
1586365527.564704, 22
1586365527.584699, 24
1586365527.604289, 25
1586365527.623720, 25
1586365527.643344, 26
1586365527.665038, 25
1586365527.684477, 25
1586365527.705036, 26
1586365527.724761, 26
1586365527.744956, 26
1586365527.764823, 26
1586365527.784296, 25
1586365527.805507, 27
1586365527.827015, 26
1586365527.847923, 26
1586365527.866777, 24
1586365527.886817, 27
1586365527.905672, 28
1586365527.925965, 28
1586365527.945587, 26
1586365527.965874, 27
1586365527.988253, 26
1586365528.007975, 28
1586365528.028590, 26
1586365528.051767, 28
1586365528.071892, 27
1586365528.093339, 28
1586365528.113534, 28
1586365528.133964, 28
1586365528.154735, 28
1586365528.173661, 27
1586365528.192732, 27
1586365528.212704, 29
1586365528.231966, 29
1586365528.251425, 29
1586365528.272713, 28
1586365528.292846, 28
1586365528.524334, 30
1586365528.544821, 30
1586365528.564979, 30
1586365528.584443, 30
1586365528.604826, 28
1586365528.625471, 31
1586365528.647273, 30
1586365528.667291, 31
1586365528.687095, 30
1586365528.706584, 30
1586365528.726780, 30
1586365528.746656, 30
1586365528.767148, 31
1586365528.787733, 30
1586365528.807717, 30
1586365528.827632, 31
1586365528.847734, 31
1586365528.868360, 32
1586365528.890633, 31
1586365528.911521, 30
1586365528.931212, 32
1586365528.951398, 32
1586365528.971230, 31
1586365528.992734, 33
1586365529.012698, 30
1586365529.033523, 32
1586365529.052514, 32
1586365529.073920, 33
1586365529.093542, 33
1586365529.113872, 31
1586365529.270483, 33
1586365529.292668, 34
1586365529.313043, 33
1586365529.332334, 34
1586365529.351891, 32
1586365529.371166, 34
1586365529.390777, 33
1586365529.410412, 34
1586365529.429869, 34
1586365529.448655, 34
1586365529.467114, 33
1586365529.485552, 33
1586365529.505769, 34
1586365529.524412, 35
1586365529.543350, 33
1586365529.562360, 33
1586365529.584164, 35
1586365529.604310, 35
1586365529.624149, 36
1586365529.643256, 34
1586365529.662023, 33
1586365529.681631, 35
1586365529.700202, 35
1586365529.719383, 35
1586365529.739263, 35
1586365529.759654, 35
1586365529.779133, 35
1586365529.797627, 36
1586365529.816502, 35
1586365529.835443, 36
1586365529.853661, 34
1586365529.873172, 35
1586365529.892150, 36
1586365529.912432, 36
1586365529.931455, 37
1586365529.950975, 37
1586365529.969876, 36
1586365529.988861, 36
1586365530.008652, 37
1586365530.028700, 36
1586365530.048457, 38
1586365530.067408, 37
1586365530.086841, 37
1586365530.106374, 38
1586365530.125381, 38
1586365530.143769, 37
1586365530.161978, 36
1586365530.181285, 38
1586365530.200918, 37
1586365530.221350, 38
1586365530.241696, 37
1586365530.262233, 37
1586365530.281610, 38
1586365530.302394, 38
1586365530.321880, 38
1586365530.342347, 38
1586365530.361667, 37
1586365530.378197, 38
1586365530.394652, 39
1586365530.410392, 39
1586365530.426533, 40
1586365530.442608, 40
1586365530.459335, 39
1586365530.476021, 39
1586365530.492588, 39
1586365530.509212, 39
1586365530.525539, 38
1586365530.542358, 39
1586365530.558670, 38
1586365530.575352, 39
1586365530.591288, 39
1586365530.607196, 39
1586365530.623691, 39
1586365530.642372, 38
1586365530.658307, 40
1586365530.676341, 39
1586365530.692237, 39
1586365530.708127, 40
1586365530.724018, 41
1586365530.740257, 40
1586365530.756640, 40
1586365530.772661, 41
1586365530.788395, 40
1586365530.804443, 41
1586365530.821220, 40
1586365530.838472, 40
1586365530.856357, 41
1586365530.871991, 41
1586365530.889482, 41
1586365530.906060, 41
1586365530.922627, 42
1586365530.939312, 41
1586365530.955202, 41
1586365530.972448, 41
1586365530.989067, 41
1586365531.005899, 42
1586365531.023208, 41
1586365531.040796, 40
1586365531.057705, 41
1586365531.073619, 42
1586365531.090554, 42
1586365531.107024, 42
1586365531.122678, 42
1586365531.139371, 42
1586365531.155607, 43
1586365531.171491, 42
1586365531.188230, 41
1586365531.205835, 42
1586365531.221887, 43
1586365531.238829, 42
1586365531.255119, 43
1586365531.272191, 42
1586365531.288561, 42
1586365531.305179, 44
1586365531.321897, 43
1586365531.339455, 43
1586365531.355389, 43
1586365531.372340, 43
1586365531.388864, 44
1586365531.405873, 43
1586365531.423504, 44
1586365531.440960, 44
1586365531.457543, 43
1586365531.473397, 43
1586365531.490696, 44
1586365531.507503, 42
1586365531.523526, 43
1586365531.540411, 45
1586365531.556282, 44
1586365531.572751, 43
1586365531.589318, 44
1586365531.604910, 44
1586365531.621560, 44
1586365531.637230, 44
1586365531.653616, 45
1586365531.670284, 45
1586365531.686908, 44
1586365531.703525, 44
1586365531.719366, 44
1586365531.736715, 44
1586365531.752920, 45
1586365531.768944, 45
1586365531.785483, 44
1586365531.803216, 45
1586365531.820603, 46
1586365531.838417, 45
1586365531.859162, 45
1586365531.878329, 45
1586365531.898695, 47
1586365531.918611, 45
1586365531.938408, 45
1586365531.957956, 45
1586365531.977315, 45
1586365531.996925, 46
1586365532.016403, 47
1586365532.035947, 46
1586365532.055557, 46
1586365532.076006, 47
1586365532.095585, 48
1586365532.115044, 46
1586365532.135540, 46
1586365532.155449, 47
1586365532.173797, 47
1586365532.190084, 46
1586365532.205756, 46
1586365532.221623, 46
1586365532.237856, 47
1586365532.254238, 46
1586365532.270521, 47
1586365532.286801, 48
1586365532.302584, 48
1586365532.319196, 48
1586365532.335376, 47
1586365532.351421, 47
1586365532.367456, 48
1586365532.383646, 47
1586365532.399503, 48
1586365532.414652, 48
1586365532.428661, 48
1586365532.443236, 48
1586365532.457658, 48
1586365532.472265, 47
1586365532.487047, 48
1586365532.501708, 49
1586365532.515727, 48
1586365532.530731, 49
1586365532.544683, 48
1586365532.559161, 48
1586365532.573230, 49
1586365532.587564, 49
1586365532.602276, 49
1586365532.616788, 48
1586365532.630969, 49
1586365532.645023, 49
1586365532.659835, 49
1586365532.674375, 49
1586365532.688320, 48
1586365532.702587, 49
1586365532.717446, 48
1586365532.733067, 48
1586365532.747671, 47
1586365532.761586, 48
1586365532.776609, 48
1586365532.791551, 49
1586365532.806156, 50
1586365532.820196, 49
1586365532.834182, 50
1586365532.848326, 50
1586365532.862736, 49
1586365532.877306, 49
1586365532.891342, 50
1586365532.905575, 50
1586365532.919654, 48
1586365532.933921, 48
1586365532.947861, 47
1586365532.962315, 47
1586365532.976994, 49
1586365532.991573, 47
1586365533.006270, 48
1586365533.020881, 47
1586365533.034826, 49
1586365533.050180, 49
1586365533.064838, 48
1586365533.079356, 48
1586365533.094002, 48
1586365533.107826, 50
1586365533.122439, 49
1586365533.137086, 48
1586365533.151073, 48
1586365533.165415, 43
1586365533.180153, 39
1586365533.194667, 34
1586365533.209200, 29
1586365533.223721, 26
1586365533.238269, 23
1586365533.252330, 23
1586365533.266712, 22
1586365533.280664, 22
1586365533.295218, 22
1586365533.309647, 23
1586365533.324053, 22
1586365533.338101, 23
1586365533.352728, 23
1586365533.366774, 22
1586365533.381067, 22
1586365533.395722, 22
1586365533.410046, 24
1586365533.424256, 24
1586365533.438498, 23
1586365533.453386, 25
1586365533.467170, 23
1586365533.481546, 23
1586365533.496206, 24
1586365533.510159, 24
1586365533.524150, 25
1586365533.538134, 25
1586365533.551936, 24
1586365533.566483, 23
1586365533.581155, 25
1586365533.595194, 23
1586365533.609069, 24
1586365533.623731, 25
1586365533.638260, 25
1586365533.652214, 26
1586365533.666763, 25
1586365533.681338, 24
1586365533.695902, 24
1586365533.711716, 25
1586365533.726211, 25
1586365533.740840, 26
1586365533.755552, 26
1586365533.769315, 27
1586365533.783520, 25
1586365533.797387, 25
1586365533.813111, 24
1586365533.827910, 26
1586365533.842357, 26
1586365533.857124, 27
1586365533.871081, 27
1586365533.885414, 26
1586365533.900050, 27
1586365533.914322, 26
1586365533.928911, 27
1586365533.943682, 27
1586365533.959187, 27
1586365533.973834, 27
1586365533.988639, 26
1586365534.002500, 26
1586365534.016202, 28
1586365534.030119, 27
1586365534.044702, 28
1586365534.059495, 28
1586365534.074175, 28
1586365534.089370, 28
1586365534.104364, 28
1586365534.119291, 29
1586365534.134089, 28
1586365534.148664, 29
1586365534.162666, 29
1586365534.177241, 30
1586365534.192777, 28
1586365534.207304, 27
1586365534.221333, 29
1586365534.236355, 30
1586365534.250640, 29
1586365534.265357, 30
1586365534.280021, 30
1586365534.294702, 28
1586365534.308915, 27
1586365534.324692, 30
1586365534.338402, 30
1586365534.352876, 30
1586365534.367472, 30
1586365534.382101, 30
1586365534.396539, 30
1586365534.411768, 29
1586365534.426089, 30
1586365534.441064, 30
1586365534.455933, 30
1586365534.471479, 31
1586365534.486336, 31
1586365534.500624, 31
1586365534.514931, 30
1586365534.529047, 31
1586365534.543475, 31
1586365534.557678, 32
1586365534.571769, 31
1586365534.587270, 31
1586365534.601557, 30
1586365534.615292, 31
1586365534.629362, 31
1586365534.643503, 31
1586365534.657640, 33
1586365534.673166, 32
1586365534.687971, 32
1586365534.703071, 31
1586365534.717773, 31
1586365534.732271, 31
1586365534.747402, 33
1586365534.763054, 32
1586365534.778481, 32
1586365534.795157, 31
1586365534.810411, 32
1586365534.824533, 31
1586365534.838460, 33
1586365534.858365, 32
1586365534.878738, 33
1586365534.897714, 32
1586365534.919701, 31
1586365534.939260, 33
1586365534.959829, 32
1586365534.983063, 33
1586365535.005737, 32
1586365535.027315, 32
1586365535.048038, 34
1586365535.070683, 34
1586365535.090027, 33
1586365535.110428, 34
1586365535.130724, 33
1586365535.150544, 34
1586365535.172638, 34
1586365535.193120, 34
1586365535.214311, 34
1586365535.235667, 34
1586365535.256259, 34
1586365535.278405, 36
1586365535.297815, 35
1586365535.318270, 35
1586365535.337382, 34
1586365535.356498, 34
1586365535.376284, 36
1586365535.395949, 35
1586365535.415673, 32
1586365535.436057, 36
1586365535.455785, 35
1586365535.477360, 36
1586365535.497416, 36
1586365535.518152, 36
1586365535.539480, 36
1586365535.561086, 36
1586365535.581989, 35
1586365535.602562, 36
1586365535.623999, 36
1586365535.644176, 36
1586365535.664141, 37
1586365535.684137, 36
1586365535.704436, 37
1586365535.723559, 36
1586365535.743817, 37
1586365535.764640, 36
1586365535.787588, 37
1586365535.807779, 37
1586365535.827891, 36
1586365535.847545, 38
1586365535.869005, 38
1586365535.889468, 38
1586365535.909827, 37
1586365535.929732, 38
1586365535.951388, 38
1586365535.973380, 36
1586365535.993742, 38
1586365536.015172, 37
1586365536.029980, 37
1586365536.045323, 38
1586365536.063925, 38
1586365536.079512, 39
1586365536.095164, 37
1586365536.108771, 40
1586365536.123909, 38
1586365536.138715, 40
1586365536.153842, 37
1586365536.167771, 40
1586365536.181714, 40
1586365536.195737, 39
1586365536.209871, 40
1586365536.223575, 39
1586365536.238963, 40
1586365536.253409, 39
1586365536.266858, 40
1586365536.280906, 40
1586365536.294591, 38
1586365536.308254, 39
1586365536.323672, 41
1586365536.337564, 41
1586365536.351399, 39
1586365536.365559, 40
1586365536.379703, 40
1586365536.394046, 40
1586365536.408159, 40
1586365536.422715, 41
1586365536.437380, 41
1586365536.452183, 40
1586365536.466176, 40
1586365536.480239, 39
1586365536.494049, 39
1586365536.508576, 40
1586365536.522468, 40
1586365536.537881, 40
1586365536.551905, 41
1586365536.571669, 41
1586365536.591067, 42
1586365536.611082, 41
1586365536.631338, 41
1586365536.648011, 40
1586365536.665367, 42
1586365536.679009, 40
1586365536.692571, 41
1586365536.706348, 39
1586365536.719925, 41
1586365536.735525, 40
1586365536.751125, 43
1586365536.764775, 41
1586365536.778720, 41
1586365536.792628, 42
1586365536.806184, 41
1586365536.821248, 43
1586365536.835068, 41
1586365536.848752, 42
1586365536.863360, 42
1586365536.879643, 41
1586365536.893754, 42
1586365536.908288, 42
1586365536.922996, 42
1586365536.937649, 42
1586365536.952213, 40
1586365536.965950, 43
1586365536.979920, 41
1586365536.994138, 45
1586365537.008248, 43
1586365537.021814, 43
1586365537.041053, 43
1586365537.060920, 43
1586365537.079914, 43
1586365537.099518, 42
1586365537.285590, 44
1586365537.475333, 47
1586365537.494596, 45
1586365537.515333, 45
1586365537.535668, 46
1586365537.553269, 46
1586365537.571852, 43
1586365537.585390, 43
1586365537.600074, 44
1586365537.613591, 45
1586365537.629253, 46
1586365537.642946, 44
1586365537.658583, 44
1586365537.672153, 46
1586365537.686382, 45
1586365537.699961, 44
1586365537.714054, 43
1586365537.727849, 44
1586365537.743506, 44
1586365537.764710, 44
1586365537.786210, 44
1586365537.807585, 44
1586365537.823103, 44
1586365537.840414, 45
1586365537.854062, 45
1586365537.868758, 43
1586365537.883401, 45
1586365538.180590, 45
1586365538.194510, 46
1586365538.208446, 45
1586365538.222384, 45
1586365538.243316, 44
1586365538.263086, 44
1586365538.283857, 45
1586365538.303474, 44
1586365538.319977, 45
1586365538.334684, 45
1586365538.348226, 46
1586365538.363870, 46
1586365538.379509, 46
1586365538.395116, 48
1586365538.409704, 46
1586365538.423440, 47
1586365538.437703, 46
1586365538.452387, 45
1586365538.466192, 44
1586365538.480887, 45
1586365538.497977, 46
1586365538.511330, 45
1586365538.525852, 47
1586365538.545296, 47
1586365538.566140, 48
1586365538.581471, 47
1586365538.595162, 48
1586365538.609910, 47
1586365538.623503, 46
1586365538.638057, 46
1586365538.651673, 45
1586365538.666343, 46
1586365538.682130, 47
1586365538.695419, 47
1586365538.711507, 48
1586365538.727660, 47
1586365538.742077, 48
1586365538.755998, 46
1586365538.769619, 46
1586365538.783324, 48
1586365538.798762, 49
1586365538.818714, 47
1586365538.838704, 47
1586365538.860216, 48
1586365538.880356, 47
1586365538.899828, 48
1586365538.919339, 48
1586365538.933878, 46
1586365538.947663, 48
1586365538.963228, 47
1586365538.979746, 48
1586365538.996375, 47
1586365539.011241, 48
1586365539.025959, 48
1586365539.040835, 48
1586365539.054455, 48
1586365539.070498, 47
1586365539.090838, 49
1586365539.112439, 47
1586365539.133825, 50
1586365539.155078, 48
1586365539.175327, 48
1586365539.195899, 49
1586365539.216855, 50
1586365539.231582, 50
1586365539.246059, 48
1586365539.261655, 49
1586365539.275361, 50
1586365539.288908, 48
1586365539.302566, 49
1586365539.317258, 48
1586365539.330845, 47
1586365539.344918, 48
1586365539.361538, 49
1586365539.375877, 49
1586365539.391745, 48
1586365539.407228, 50
1586365539.423589, 49
1586365539.440564, 49
1586365539.457417, 50
1586365539.472256, 50
1586365539.487380, 49
1586365539.503055, 50
1586365539.518691, 50
1586365539.533243, 48
1586365539.547831, 48
1586365539.561493, 46
1586365539.578143, 41
1586365539.592787, 34
1586365539.607323, 32
1586365539.621071, 26
1586365539.637639, 22
1586365539.651278, 22
1586365539.665026, 21
1586365539.678636, 21
1586365539.693894, 21
1586365539.707421, 23
1586365539.727726, 23
1586365539.741261, 22
1586365539.756981, 21
1586365539.771321, 22
1586365539.784974, 22
1586365539.799596, 22
1586365539.814474, 23
1586365539.829082, 23
1586365539.845050, 21
1586365539.861731, 20
1586365539.876543, 21
1586365539.891979, 23
1586365539.907580, 23
1586365539.923826, 22
1586365539.938382, 23
1586365539.953014, 24
1586365539.968744, 22
1586365539.982286, 24
1586365539.996046, 23
1586365540.011671, 23
1586365540.027306, 23
1586365540.041820, 25
1586365540.055619, 23
1586365540.070216, 24
1586365540.084339, 23
1586365540.101526, 25
1586365540.115657, 26
1586365540.132975, 24
1586365540.152057, 25
1586365540.169944, 24
1586365540.187931, 24
1586365540.205729, 26
1586365540.224312, 27
1586365540.243821, 26
1586365540.262338, 26
1586365540.279727, 25
1586365540.298683, 24
1586365540.316613, 26
1586365540.336389, 26
1586365540.355052, 27
1586365540.374073, 25
1586365540.392639, 26
1586365540.411108, 27
1586365540.432315, 27
1586365540.452580, 26
1586365540.475578, 28
1586365540.497106, 27
1586365540.519884, 28
1586365540.542372, 27
1586365540.560006, 27
1586365540.640885, 28
1586365540.655465, 27
1586365540.670381, 28
1586365540.684289, 29
1586365540.703788, 27
1586365540.724087, 27
1586365540.746716, 29
1586365540.769175, 28
1586365540.789934, 28
1586365540.810465, 28
1586365540.829736, 29
1586365540.848984, 29
1586365540.868553, 29
1586365540.889987, 30
1586365540.910943, 30
1586365540.932642, 28
1586365540.952613, 28
1586365540.972476, 30
1586365540.993405, 30
1586365541.014545, 29
1586365541.035607, 28
1586365541.056024, 29
1586365541.077088, 29
1586365541.098988, 30
1586365541.120376, 29
1586365541.142697, 32
1586365541.163277, 31
1586365541.183898, 31
1586365541.204883, 31
1586365541.224987, 30
1586365541.244735, 31
1586365541.264400, 32
1586365541.285842, 32
1586365541.306799, 32
1586365541.327155, 30
1586365541.346612, 31
1586365541.367229, 31
1586365541.391338, 33
1586365541.411992, 32
1586365541.433511, 31
1586365541.455129, 32
1586365541.474548, 33
1586365541.490672, 33
1586365541.507506, 33
1586365541.524055, 33
1586365541.541232, 32
1586365541.556776, 33
1586365541.574232, 33
1586365541.591094, 33
1586365541.607162, 32
1586365541.623931, 33
1586365541.640186, 34
1586365541.657918, 34
1586365541.674828, 33
1586365541.691164, 34
1586365541.707767, 35
1586365541.724199, 33
1586365541.739752, 33
1586365541.758740, 36
1586365541.777330, 36
1586365541.794779, 34
1586365541.811472, 34
1586365541.827904, 33
1586365541.845692, 32
1586365541.862433, 34
1586365541.880022, 35
1586365541.896689, 34
1586365541.912964, 36
1586365541.930366, 35
1586365541.947937, 34
1586365541.964644, 35
1586365541.981248, 35
1586365541.998622, 35
1586365542.014260, 35
1586365542.028852, 35
1586365542.042639, 35
1586365542.056328, 37
1586365542.070327, 37
1586365542.084517, 37
1586365542.099056, 36
1586365542.115878, 35
1586365542.133447, 35
1586365542.150137, 36
1586365542.167156, 37
1586365542.183600, 35
1586365542.200669, 35
1586365542.216954, 35
1586365542.235289, 37
1586365542.253791, 36
1586365542.270500, 37
1586365542.286616, 36
1586365542.303943, 37
1586365542.327746, 37
1586365542.356152, 37
1586365542.377049, 37
1586365542.397155, 37
1586365542.417247, 37
1586365542.439665, 38
1586365542.459192, 36
1586365542.482840, 38
1586365542.505626, 38
1586365542.530397, 37
1586365542.546443, 38
1586365542.564006, 38
1586365542.581239, 38
1586365542.598246, 39
1586365542.614813, 38
1586365542.632056, 38
1586365542.648164, 38
1586365542.665335, 38
1586365542.682396, 38
1586365542.700159, 38
1586365542.716754, 38
1586365542.732575, 39
1586365542.747370, 38
1586365542.761850, 39
1586365542.782746, 38
1586365542.804412, 39
1586365542.825622, 38
1586365542.846161, 39
1586365542.867115, 38
1586365542.889031, 39
1586365542.909666, 39
1586365542.932808, 40
1586365542.952319, 40
1586365542.970771, 40
1586365542.985323, 41
1586365543.000265, 38
1586365543.014880, 40
1586365543.029496, 41
1586365543.043217, 40
1586365543.056854, 40
1586365543.071074, 42
1586365543.086167, 41
1586365543.100958, 40
1586365543.115575, 41
1586365543.130480, 40
1586365543.144377, 40
1586365543.158894, 41
1586365543.172738, 41
1586365543.186494, 40
1586365543.200867, 41
1586365543.216882, 40
1586365543.230864, 40
1586365543.245585, 41
1586365543.260109, 42
1586365543.275101, 40
1586365543.292971, 41
1586365543.309581, 42
1586365543.323867, 40
1586365543.337855, 41
1586365543.351552, 41
1586365543.365285, 41
1586365543.379764, 42
1586365543.395354, 41
1586365543.408972, 41
1586365543.423461, 43
1586365543.437087, 40
1586365543.451054, 42
1586365543.470449, 41
1586365543.489766, 42
1586365543.510353, 43
1586365543.532008, 42
1586365543.555405, 42
1586365543.575697, 43
1586365543.597512, 42
1586365543.618809, 41
1586365543.639224, 43
1586365543.658582, 42
1586365543.679837, 43
1586365543.699996, 43
1586365543.719871, 43
1586365543.739461, 42
1586365543.759856, 44
1586365543.779877, 44
1586365543.799883, 44
1586365543.821363, 44
1586365543.842546, 44
1586365543.863480, 44
1586365543.883617, 43
1586365543.903559, 43
1586365543.925822, 44
1586365543.946251, 43
1586365543.966369, 44
1586365543.986958, 44
1586365544.003187, 44
1586365544.019802, 45
1586365544.035776, 44
1586365544.051957, 45
1586365544.069508, 44
1586365544.085810, 44
1586365544.102301, 44
1586365544.118827, 45
1586365544.135417, 45
1586365544.149466, 45
1586365544.163790, 45
1586365544.177841, 45
1586365544.193180, 45
1586365544.207901, 46
1586365544.222219, 46
1586365544.236891, 46
1586365544.251732, 45
1586365544.266013, 45
1586365544.280974, 46
1586365544.295694, 45
1586365544.310291, 46
1586365544.325016, 45
1586365544.338967, 45
1586365544.353415, 45
1586365544.368075, 46
1586365544.382572, 46
1586365544.397234, 46
1586365544.411177, 46
1586365544.425934, 46
1586365544.440207, 46
1586365544.455009, 47
1586365544.468878, 47
1586365544.483221, 48
1586365544.497344, 47
1586365544.512663, 46
1586365544.527105, 46
1586365544.540957, 46
1586365544.556606, 46
1586365544.570838, 45
1586365544.585510, 46
1586365544.599825, 46
1586365544.614296, 47
1586365544.629054, 47
1586365544.643956, 48
1586365544.659118, 48
1586365544.673549, 47
1586365544.687721, 49
1586365544.702127, 47
1586365544.716543, 46
1586365544.731314, 46
1586365544.745706, 47
1586365544.759861, 47
1586365544.773964, 48
1586365544.789178, 48
1586365544.803267, 48
1586365544.817848, 47
1586365544.831869, 47
1586365544.846136, 47
1586365544.859997, 48
1586365544.874743, 48
1586365544.889326, 49
1586365544.903133, 46
1586365544.917581, 48
1586365544.932205, 48
1586365544.946366, 48
1586365544.960253, 47
1586365544.974052, 48
1586365544.987761, 48
1586365545.001630, 49
1586365545.015966, 48
1586365545.029842, 46
1586365545.045855, 49
1586365545.059615, 47
1586365545.074644, 48
1586365545.088664, 49
1586365545.102586, 49
1586365545.116308, 48
1586365545.130041, 48
1586365545.144906, 48
1586365545.159563, 48
1586365545.173888, 48
1586365545.187694, 47
1586365545.201934, 48
1586365545.215979, 47
1586365545.230871, 48
1586365545.244667, 47
1586365545.258297, 42
1586365545.271958, 35
1586365545.285950, 29
1586365545.300808, 24
1586365545.314637, 21
1586365545.329482, 22
1586365545.344093, 21
1586365545.359748, 22
1586365545.375248, 21
1586365545.389870, 21
1586365545.406497, 23
1586365545.420537, 22
1586365545.435045, 21
1586365545.449628, 22
1586365545.464176, 21
1586365545.478936, 22
1586365545.493702, 23
1586365545.507827, 23
1586365545.523496, 23
1586365545.539451, 23
1586365545.554680, 22
1586365545.569406, 23
1586365545.583525, 22
1586365545.597810, 23
1586365545.612567, 22
1586365545.627021, 23
1586365545.641520, 24
1586365545.656329, 23
1586365545.672122, 22
1586365545.686459, 22
1586365545.701377, 24
1586365545.716646, 24
1586365545.730975, 24
1586365545.745933, 24
1586365545.763210, 22
1586365545.778373, 25
1586365545.792548, 24
1586365545.809897, 27
1586365545.824069, 25
1586365545.839478, 25
1586365545.853698, 26
1586365545.868541, 24
1586365545.883032, 24
1586365545.897647, 26
1586365545.912292, 26
1586365545.926356, 27
1586365545.940804, 26
1586365545.955392, 27
1586365545.969253, 25
1586365545.983038, 25
1586365545.997247, 25
1586365546.011587, 28
1586365546.025687, 27
1586365546.040069, 27
1586365546.055731, 27
1586365546.070440, 26
1586365546.086159, 27
1586365546.101176, 27
1586365546.116481, 27
1586365546.132198, 27
1586365546.148130, 28
1586365546.163145, 27
1586365546.177576, 27
1586365546.192207, 27
1586365546.207962, 27
1586365546.222321, 27
1586365546.237746, 28
1586365546.252658, 27
1586365546.267342, 28
1586365546.283720, 27
1586365546.298258, 27
1586365546.312921, 28
1586365546.327232, 28
1586365546.341945, 29
1586365546.355979, 29
1586365546.370206, 27
1586365546.385173, 29
1586365546.399577, 27
1586365546.415236, 30
1586365546.431166, 29
1586365546.446292, 29
1586365546.461357, 29
1586365546.475391, 29
1586365546.489475, 29
1586365546.503968, 31
1586365546.519547, 29
1586365546.533282, 29
1586365546.547894, 30
1586365546.562913, 30
1586365546.585527, 29
1586365546.599422, 30
1586365546.613862, 30
1586365546.627836, 30
1586365546.643765, 30
1586365546.659299, 29
1586365546.673311, 29
1586365546.687490, 30
1586365546.702964, 31
1586365546.716987, 30
1586365546.731798, 31
1586365546.747337, 32
1586365546.763189, 30
1586365546.777786, 32
1586365546.794098, 30
1586365546.811192, 31
1586365546.829014, 32
1586365546.842866, 30
1586365546.857256, 31
1586365546.871240, 32
1586365546.885779, 29
1586365546.900240, 31
1586365546.915520, 33
1586365546.929323, 31
1586365546.943854, 32
1586365546.958931, 31
1586365546.979993, 30
1586365546.999873, 33
1586365547.021235, 33
1586365547.041343, 32
1586365547.056101, 31
1586365547.073067, 34
1586365547.090211, 32
1586365547.109083, 32
1586365547.124634, 32
1586365547.141191, 33
1586365547.157126, 34
1586365547.174212, 33
1586365547.190781, 32
1586365547.207588, 32
1586365547.223493, 32
1586365547.239638, 33
1586365547.255067, 35
1586365547.271219, 33
1586365547.287505, 32
1586365547.304242, 34
1586365547.320456, 34
1586365547.336059, 33
1586365547.352794, 34
1586365547.369359, 35
1586365547.385318, 33
1586365547.401403, 34
1586365547.418167, 35
1586365547.434726, 33
1586365547.451317, 36
1586365547.467241, 36
1586365547.483579, 34
1586365547.500258, 34
1586365547.516704, 36
1586365547.532171, 35
1586365547.548074, 35
1586365547.563613, 35
1586365547.579274, 35
1586365547.596119, 34
1586365547.612515, 35
1586365547.629086, 35
1586365547.645648, 36
1586365547.662270, 35
1586365547.678891, 36
1586365547.694516, 35
1586365547.710399, 35
1586365547.727113, 36
1586365547.743962, 36
1586365547.761509, 36
1586365547.779887, 36
1586365547.800025, 36
1586365547.819481, 36
1586365547.839761, 38
1586365547.860758, 37
1586365547.881216, 36
1586365547.902078, 37
1586365547.923084, 37
1586365547.943742, 36
1586365547.964790, 38
1586365547.984271, 37
1586365548.005157, 37
1586365548.026163, 37
1586365548.047092, 37
1586365548.067317, 38
1586365548.087803, 37
1586365548.107793, 38
1586365548.127689, 38
1586365548.147608, 38
1586365548.167083, 38
1586365548.187330, 38
1586365548.207347, 38
1586365548.227335, 38
1586365548.247395, 40
1586365548.275615, 39
1586365548.296051, 40
1586365548.316971, 39
1586365548.337928, 38
1586365548.359084, 38
1586365548.380119, 39
1586365548.403482, 40
1586365548.426702, 39
1586365548.444066, 39
1586365548.466031, 41
1586365548.486332, 39
1586365548.505144, 39
1586365548.521092, 40
1586365548.536382, 40
1586365548.553437, 41
1586365548.568112, 38
1586365548.584312, 40
1586365548.601543, 40
1586365548.617755, 39
1586365548.634207, 40
1586365548.651290, 40
1586365548.667451, 39
1586365548.682662, 39
1586365548.696387, 40
1586365548.711088, 39
1586365548.724750, 41
1586365548.738347, 41
1586365548.752113, 41
1586365548.765682, 41
1586365548.779420, 41
1586365548.793113, 41
1586365548.806876, 42
1586365548.820928, 41
1586365548.840447, 40
1586365548.860265, 41
1586365548.879537, 41
1586365548.899083, 41
1586365548.919340, 42
1586365548.940130, 42
1586365548.961551, 42
1586365548.984611, 41
1586365549.004893, 42
1586365549.024072, 41
1586365549.043285, 41
1586365549.061842, 42
1586365549.080038, 42
1586365549.100657, 42
1586365549.119647, 43
1586365549.138735, 43
1586365549.156569, 41
1586365549.172551, 42
1586365549.188872, 43
1586365549.206357, 43
1586365549.222607, 43
1586365549.239200, 43
1586365549.254848, 43
1586365549.271703, 43
1586365549.287148, 43
1586365549.302636, 44
1586365549.320370, 43
1586365549.344720, 44
1586365549.362518, 43
1586365549.378211, 43
1586365549.393453, 42
1586365549.410313, 42
1586365549.425040, 45
1586365549.442048, 45
1586365549.459377, 44
1586365549.475381, 43
1586365549.494109, 44
1586365549.511725, 44
1586365549.528112, 44
1586365549.544731, 45
1586365549.564786, 45
1586365549.587966, 45
1586365549.608206, 44
1586365549.628566, 45
1586365549.649467, 45
1586365549.669740, 45
1586365549.690626, 43
1586365549.711260, 45
1586365549.732002, 45
1586365549.753463, 45
1586365549.774111, 44
1586365549.794510, 45
1586365549.815110, 45
1586365549.835180, 44
1586365549.859071, 46
1586365549.878954, 45
1586365549.895265, 45
1586365549.910806, 46
1586365549.924637, 46
1586365549.939070, 46
1586365549.953575, 46
1586365549.967313, 45
1586365549.981408, 47
1586365549.995248, 46
1586365550.009365, 46
1586365550.023241, 45
1586365550.036860, 47
1586365550.050846, 46
1586365550.065083, 46
1586365550.079590, 47
1586365550.093339, 46
1586365550.106953, 47
1586365550.120483, 46
1586365550.134116, 48
1586365550.148016, 46
1586365550.162510, 46
1586365550.176188, 48
1586365550.190067, 47
1586365550.204287, 47
1586365550.217955, 48
1586365550.231607, 46
1586365550.246250, 46
1586365550.260807, 47
1586365550.274563, 48
1586365550.289173, 47
1586365550.303820, 47
1586365550.317673, 47
1586365550.332076, 47
1586365550.346847, 48
1586365550.361080, 47
1586365550.375068, 47
1586365550.388809, 48
1586365550.402275, 48
1586365550.416711, 47
1586365550.430653, 49
1586365550.445189, 49
1586365550.458886, 48
1586365550.474025, 49
1586365550.488031, 49
1586365550.502070, 48
1586365550.515963, 48
1586365550.529613, 48
1586365550.543998, 49
1586365550.558150, 48
1586365550.572209, 49
1586365550.586958, 49
1586365550.600746, 48
1586365550.614840, 49
1586365550.628613, 48
1586365550.643583, 49
1586365550.658212, 48
1586365550.672932, 49
1586365550.687467, 49
1586365550.702081, 49
1586365550.715637, 48
1586365550.729524, 49
1586365550.743261, 48
1586365550.757863, 48
1586365550.771433, 48
1586365550.786175, 47
1586365550.799720, 48
1586365550.813656, 48
1586365550.828073, 49
1586365550.842090, 49
1586365550.855913, 48
1586365550.869566, 49
1586365550.883184, 49
1586365550.897047, 48
1586365550.910671, 48
1586365550.926757, 47
1586365550.943737, 48
1586365550.959247, 49
1586365550.972990, 47
1586365550.986747, 47
1586365551.000583, 47
1586365551.014212, 40
1586365551.028201, 36
1586365551.042199, 31
1586365551.056283, 26
1586365551.070325, 24
1586365551.084212, 21
1586365551.097804, 20
1586365551.113844, 21
1586365551.127323, 21
1586365551.140897, 21
1586365551.156124, 22
1586365551.171031, 23
1586365551.184484, 23
1586365551.199412, 20
1586365551.213841, 21
1586365551.228704, 23
1586365551.242523, 21
1586365551.257160, 22
1586365551.271736, 23
1586365551.286402, 23
1586365551.299986, 24
1586365551.314709, 22
1586365551.328772, 22
1586365551.342587, 23
1586365551.356254, 23
1586365551.371705, 23
1586365551.386179, 23
1586365551.399923, 25
1586365551.413594, 23
1586365551.427996, 22
1586365551.444387, 22
1586365551.458070, 24
1586365551.478092, 25
1586365551.498404, 23
1586365551.519333, 23
1586365551.542460, 23
1586365551.563773, 25
1586365551.585211, 25
1586365551.605130, 24
1586365551.626810, 25
1586365551.651579, 25
1586365551.671125, 25
1586365551.690839, 27
1586365551.710251, 25
1586365551.731710, 25
1586365551.753064, 27
1586365551.773813, 27
1586365551.794112, 26
1586365551.814203, 25
1586365551.835108, 25
1586365551.854633, 27
1586365551.876112, 26
1586365551.896231, 26
1586365551.918942, 26
1586365551.940764, 27
1586365551.962198, 27
1586365551.990542, 29
1586365552.010316, 28
1586365552.031807, 27
1586365552.274058, 29
1586365552.294524, 28
1586365552.316083, 27
1586365552.338106, 28
1586365552.360076, 28
1586365552.379877, 29
1586365552.400879, 28
1586365552.420904, 28
1586365552.474763, 29
1586365552.495716, 29
1586365552.517571, 28
1586365552.540073, 29
1586365552.560402, 29
1586365552.579968, 28
1586365552.600370, 29
1586365552.621041, 30
1586365552.641849, 30
1586365552.661594, 30
1586365552.689343, 30
1586365552.708740, 29
1586365552.728931, 30
1586365552.749220, 30
1586365552.769632, 28
1586365552.790291, 32
1586365552.810303, 31
1586365552.831873, 31
1586365552.851127, 30
1586365552.871430, 30
1586365552.892147, 31
1586365552.912156, 31
1586365552.931250, 31
1586365552.950674, 32
1586365552.975808, 31
1586365552.997956, 32
1586365553.018229, 31
1586365553.039593, 31
1586365553.061069, 31
1586365553.083515, 31
1586365553.105841, 32
1586365553.127441, 32
1586365553.147662, 32
1586365553.167538, 33
1586365553.187929, 33
1586365553.207582, 33
1586365553.228712, 34
1586365553.249458, 33
1586365553.268892, 32
1586365553.289214, 33
1586365553.310649, 33
1586365553.332548, 34
1586365553.351751, 33
1586365553.373303, 32
1586365553.392964, 34
1586365553.411847, 33
1586365553.609362, 35
1586365553.629492, 35
1586365553.649324, 35
1586365553.671023, 33
1586365553.691514, 35
1586365553.711327, 34
1586365553.731585, 35
1586365553.751153, 34
1586365553.771875, 35
1586365553.792837, 35
1586365553.813188, 36
1586365554.190829, 36
1586365554.211511, 37
1586365554.231712, 36
1586365554.251975, 36
1586365554.271768, 36
1586365554.294242, 37
1586365554.313760, 35
1586365554.333753, 35
1586365554.353687, 36
1586365554.373647, 37
1586365554.393595, 37
1586365554.414502, 36
1586365554.436093, 36
1586365554.456486, 37
1586365554.476683, 36
1586365554.499452, 37
1586365554.520114, 37
1586365554.541637, 36
1586365554.561999, 38
1586365554.584617, 36
1586365554.606400, 37
1586365554.627420, 36
1586365554.651357, 37
1586365554.671461, 37
1586365554.691343, 37
1586365554.711271, 37
1586365554.730161, 38
1586365554.750579, 38
1586365554.771210, 37
1586365554.792864, 37
1586365554.812993, 37
1586365554.833695, 38
1586365554.854702, 38
1586365554.873976, 37
1586365554.893299, 39
1586365554.912789, 39
1586365554.931939, 38
1586365554.952426, 39
1586365554.971314, 39
1586365554.991097, 38
1586365555.011762, 38
1586365555.033592, 40
1586365555.053225, 39
1586365555.073015, 40
1586365555.093610, 36
1586365555.268116, 39
1586365555.288132, 41
1586365555.308214, 41
1586365555.328491, 41
1586365555.348045, 40
1586365555.367944, 39
1586365555.388204, 41
1586365555.408580, 40
1586365555.429396, 40
1586365555.451473, 40
1586365555.471052, 41
1586365555.494282, 42
1586365555.515186, 41
1586365555.535380, 41
1586365555.555821, 39
1586365555.575156, 42
1586365555.594822, 41
1586365555.614539, 41
1586365555.635178, 42
1586365555.655845, 40
1586365555.676141, 41
1586365555.696210, 41
1586365555.717643, 42
1586365556.258444, 43
1586365556.277285, 43
1586365556.297390, 43
1586365556.316043, 42
1586365556.338758, 42
1586365556.360460, 41
1586365556.379461, 42
1586365556.398323, 42
1586365556.418064, 42
1586365556.437836, 41
1586365556.459743, 42
1586365556.479776, 40
1586365556.499331, 41
1586365556.521005, 40
1586365556.539746, 42
1586365556.560138, 42
1586365556.581775, 42
1586365556.601004, 42
1586365556.622059, 41
1586365556.644894, 42
1586365556.765877, 43
1586365557.239666, 43
1586365557.259105, 42
1586365557.280483, 44
1586365557.299623, 44
1586365557.320233, 42
1586365557.340623, 44
1586365557.361280, 43
1586365557.382901, 43
1586365557.403207, 43
1586365557.610355, 45
1586365557.626856, 47
1586365557.642324, 45
1586365557.656924, 43
1586365558.158979, 43
1586365558.173308, 45
1586365558.187114, 44
1586365558.203626, 44
1586365558.219221, 43
1586365558.232858, 42
1586365558.246585, 44
1586365558.260165, 43
1586365558.273949, 44
1586365558.290786, 44
1586365558.306059, 43
1586365558.319677, 43
1586365558.335437, 44
1586365558.349049, 44
1586365558.363199, 45
1586365558.377387, 44
1586365558.391516, 45
1586365558.405486, 46
1586365558.419809, 44
1586365558.433665, 44
1586365558.447223, 44
1586365558.463023, 45
1586365558.477649, 44
1586365558.491208, 44
1586365558.506835, 44
1586365558.522344, 43
1586365558.536169, 44
1586365558.551762, 45
1586365558.565383, 45
1586365558.579073, 45
1586365558.593587, 44
1586365558.607393, 45
1586365558.621000, 45
1586365558.634837, 45
1586365558.650297, 46
1586365558.663925, 46
1586365558.679512, 45
1586365558.693207, 46
1586365558.706951, 46
1586365558.722518, 44
1586365558.736118, 45
1586365558.787079, 46
1586365559.124568, 47
1586365559.138174, 46
1586365559.151955, 48
1586365559.166503, 48
1586365559.180871, 48
1586365559.194967, 46
1586365559.209423, 47
1586365559.224568, 46
1586365559.241147, 46
1586365559.255448, 47
1586365559.269991, 48
1586365559.285546, 47
1586365559.305343, 49
1586365559.416559, 49
1586365559.483110, 48
1586365559.497365, 47
1586365559.511636, 47
1586365559.526337, 47
1586365559.540903, 47
1586365559.555742, 48
1586365559.569354, 48
1586365559.583060, 47
1586365559.598671, 47
1586365559.612542, 47
1586365559.626840, 48
1586365559.640687, 47
1586365559.654726, 47
1586365559.668912, 48
1586365559.682575, 48
1586365559.696250, 48
1586365559.709863, 48
1586365559.723610, 47
1586365559.737273, 47
1586365559.750957, 48
1586365559.764683, 48
1586365559.785387, 48
1586365559.800833, 47
1586365559.814572, 48
1586365559.828253, 50
1586365559.841855, 48
1586365559.861876, 47
1586365559.881809, 47
1586365559.896464, 48
1586365559.910980, 48
1586365559.926855, 49
1586365559.944327, 49
1586365559.959408, 48
1586365559.973145, 49
1586365559.990161, 48
1586365560.006140, 49
1586365560.021377, 49
1586365560.035186, 49
1586365560.050035, 48
1586365560.065428, 47
1586365560.079587, 48
1586365560.096076, 48
1586365560.111513, 48
1586365560.125958, 48
1586365560.141466, 49
1586365560.156078, 49
1586365560.170176, 48
1586365560.188282, 48
1586365560.202146, 48
1586365560.216091, 48
1586365560.233199, 49
1586365560.246880, 49
1586365560.260829, 48
1586365560.275225, 47
1586365560.289953, 45
1586365560.303513, 39
1586365560.317184, 33
1586365560.330987, 27
1586365560.345470, 22
1586365560.359117, 22
1586365560.372805, 21
1586365560.386539, 20
1586365560.400099, 21
1586365560.413803, 21
1586365560.427495, 21
1586365560.441117, 23
1586365560.455828, 24
1586365560.469403, 22
1586365560.482841, 23
1586365560.496736, 21
1586365560.510962, 22
1586365560.525018, 22
1586365560.538903, 24
1586365560.552574, 23
1586365560.567020, 23
1586365560.580631, 23
1586365560.594410, 22
1586365560.608062, 23
1586365560.621892, 23
1586365560.635376, 23
1586365560.649961, 25
1586365560.663627, 24
1586365560.678298, 24
1586365560.691956, 23
1586365560.705579, 23
1586365560.720249, 23
1586365560.735009, 23
1586365560.748720, 25
1586365560.762623, 24
1586365560.777078, 24
1586365560.791537, 25
1586365560.805278, 24
1586365560.819279, 24
1586365560.834390, 24
1586365560.848177, 26
1586365560.861773, 25
1586365560.875475, 25
1586365560.891141, 26
1586365560.906776, 26
1586365560.920427, 24
1586365560.934087, 24
1586365560.948615, 26
1586365560.963381, 26
1586365560.976991, 26
1586365560.990653, 27
1586365561.004284, 24
1586365561.020895, 27
1586365561.035536, 26
1586365561.050268, 26
1586365561.063842, 26
1586365561.079560, 28
1586365561.093060, 26
1586365561.108754, 26
1586365561.122415, 26
1586365561.136768, 26
1586365561.151703, 27
1586365561.165319, 27
1586365561.180001, 27
1586365561.194788, 28
1586365561.209261, 27
1586365561.224838, 26
1586365561.239554, 25
1586365561.257229, 27
1586365561.270895, 26
1586365561.286428, 28
1586365561.300995, 28
1586365561.315874, 27
1586365561.330394, 28
1586365561.344186, 28
1586365561.360548, 29
1586365561.375384, 29
1586365561.390880, 30
1586365561.404751, 29
1586365561.418383, 27
1586365561.432737, 27
1586365561.446515, 28
1586365561.461057, 29
1586365561.475771, 28
1586365561.489397, 29
1586365561.506821, 29
1586365561.522688, 27
1586365561.536302, 28
1586365561.550832, 29
1586365561.565584, 29
1586365561.580341, 30
1586365561.594757, 30
1586365561.609410, 30
1586365561.624126, 30
1586365561.638732, 30
1586365561.652684, 29
1586365561.667163, 31
1586365561.681612, 31
1586365561.697351, 31
1586365561.712079, 30
1586365561.726679, 28
1586365561.741119, 30
1586365561.755042, 31
1586365561.768495, 30
1586365561.784201, 30
1586365561.797812, 31
1586365561.812483, 32
1586365561.826834, 29
1586365561.840695, 29
1586365561.854802, 31
1586365561.869307, 31
1586365561.884863, 30
1586365561.898328, 32
1586365561.912225, 31
1586365561.925786, 30
1586365561.940205, 31
1586365561.953943, 31
1586365561.967712, 32
1586365561.981259, 31
1586365561.994995, 31
1586365562.017650, 32
1586365562.031185, 30
1586365562.044812, 31
1586365562.059463, 30
1586365562.073447, 33
1586365562.090076, 33
1586365562.104597, 33
1586365562.123776, 33
1586365562.139477, 31
1586365562.154133, 32
1586365562.167721, 33
1586365562.181552, 33
1586365562.197070, 32
1586365562.210981, 33
1586365562.224316, 34
1586365562.237897, 32
1586365562.251629, 34
1586365562.265276, 34
1586365562.278915, 36
1586365562.292582, 35
1586365562.309259, 35
1586365562.328648, 34
1586365562.342438, 33
1586365562.357024, 34
1586365562.371060, 34
1586365562.385321, 35
1586365562.400030, 34
1586365562.413697, 34
1586365562.427350, 34
1586365562.441014, 33
1586365562.455584, 34
1586365562.470208, 36
1586365562.483942, 35
1586365562.498857, 36
1586365562.514710, 35
1586365562.529710, 36
1586365562.544421, 35
1586365562.558820, 36
1586365562.576762, 36
1586365562.596231, 35
1586365562.609732, 35
1586365562.623956, 34
1586365562.638595, 34
1586365562.654190, 35
1586365562.667769, 35
1586365562.681661, 34
1586365562.695294, 36
1586365562.709599, 35
1586365562.723023, 37
1586365562.736704, 36
1586365562.751998, 35
1586365562.766678, 37
1586365562.781724, 34
1586365562.795732, 35
1586365562.809741, 37
1586365562.827314, 36
1586365562.847875, 36
1586365562.865825, 37
1586365562.879619, 37
1586365562.893344, 36
1586365562.907033, 37
1586365562.921085, 38
1586365562.941423, 37
1586365562.965121, 34
1586365562.980538, 37
1586365562.996207, 37
1586365563.064497, 37
1586365563.084101, 38
1586365563.103095, 38
1586365563.124265, 36
1586365563.143318, 38
1586365563.162610, 37
1586365563.181403, 37
1586365563.203183, 38
1586365563.222799, 38
1586365563.243811, 37
1586365563.264603, 37
1586365563.284069, 39
1586365563.303638, 38
1586365563.323760, 37
1586365563.342315, 38
1586365563.361013, 38
1586365563.379714, 38
1586365563.399078, 39
1586365563.418804, 39
1586365563.438041, 39
1586365563.458798, 39
1586365563.479225, 40
1586365563.498010, 40
1586365563.517091, 39
1586365563.530903, 39
1586365563.552005, 39
1586365563.566542, 38
1586365563.580665, 40
1586365563.595104, 40
1586365563.609479, 41
1586365563.624000, 40
1586365563.639077, 40
1586365563.659329, 41
1586365563.673843, 39
1586365563.687775, 39
1586365563.705104, 41
1586365563.718820, 40
1586365563.732408, 40
1586365563.750134, 40
1586365563.767167, 39
1586365563.781812, 40
1586365563.795594, 41
1586365563.809632, 41
1586365563.824751, 42
1586365563.838655, 41
1586365563.852885, 41
1586365563.866826, 41
1586365563.880552, 41
1586365563.894131, 42
1586365563.908909, 41
1586365563.923515, 41
1586365563.938066, 43
1586365563.952094, 42
1586365563.965582, 41
1586365563.979990, 41
1586365563.994487, 41
1586365564.008286, 41
1586365564.022746, 42
1586365564.043576, 41
1586365564.057916, 42
1586365564.072281, 42
1586365564.086433, 43
1586365564.100086, 43
1586365564.114830, 41
1586365564.129589, 41
1586365564.149403, 43
1586365564.166524, 43
1586365564.181470, 41
1586365564.195676, 42
1586365564.209290, 43
1586365564.228617, 43
1586365564.243775, 41
1586365564.257489, 43
1586365564.271569, 43
1586365564.286066, 44
1586365564.300717, 42
1586365564.314582, 43
1586365564.328544, 43
1586365564.343167, 43
1586365564.356778, 41
1586365564.371240, 43
1586365564.385826, 44
1586365564.399777, 43
1586365564.414216, 44
1586365564.428798, 43
1586365564.442450, 44
1586365564.456164, 43
1586365564.471185, 44
1586365564.485771, 43
1586365564.499709, 44
1586365564.515049, 45
1586365564.529375, 45
1586365564.543077, 43
1586365564.557059, 45
1586365564.575887, 44
1586365564.591283, 44
1586365564.606108, 45
1586365564.621116, 45
1586365564.635127, 45
1586365564.648868, 44
1586365564.662662, 44
1586365564.677350, 44
1586365564.691545, 46
1586365564.705720, 45
1586365564.719321, 43
1586365564.733032, 43
1586365564.747133, 44
1586365564.760921, 44
1586365564.775777, 45
1586365564.790602, 45
1586365564.804415, 44
1586365564.818925, 46
1586365564.832949, 45
1586365564.847094, 45
1586365564.871676, 45
1586365564.887221, 45
1586365564.903891, 46
1586365564.919591, 46
1586365564.937947, 46
1586365564.953478, 45
1586365564.967559, 45
1586365564.981060, 45
1586365564.996541, 44
1586365565.010175, 47
1586365565.023852, 45
1586365565.038668, 46
1586365565.053015, 46
1586365565.070859, 46
1586365565.084334, 46
1586365565.099560, 46
1586365565.114289, 46
1586365565.128109, 46
1586365565.142773, 46
1586365565.159017, 46
1586365565.172732, 46
1586365565.186477, 47
1586365565.199977, 46
1586365565.214401, 46
1586365565.229082, 45
1586365565.242644, 46
1586365565.257219, 46
1586365565.271125, 47
1586365565.285242, 47
1586365565.299193, 46
1586365565.313057, 45
1586365565.326706, 47
1586365565.341310, 48
1586365565.357925, 47
1586365565.374100, 48
1586365565.387712, 46
1586365565.402675, 48
1586365565.416184, 48
1586365565.429691, 46
1586365565.445552, 47
1586365565.464918, 48
1586365565.485253, 47
1586365565.507086, 49
1586365565.528728, 48
1586365565.549284, 48
1586365565.569610, 48
1586365565.590210, 47
1586365565.610472, 49
1586365565.630386, 47
1586365565.651152, 48
1586365565.670490, 49
1586365565.690490, 49
1586365565.712298, 49
1586365565.732999, 48
1586365565.753502, 49
1586365565.773759, 50
1586365565.795466, 49
1586365565.815459, 50
1586365565.835082, 49
1586365565.854693, 48
1586365565.874399, 49
1586365565.895017, 48
1586365565.915153, 49
1586365565.934465, 49
1586365565.953774, 48
1586365565.975105, 48
1586365565.995649, 48
1586365566.015639, 49
1586365566.031552, 48
1586365566.048332, 48
1586365566.064712, 47
1586365566.081387, 39
1586365566.097924, 32
1586365566.114455, 27
1586365566.131251, 23
1586365566.147811, 22
1586365566.163880, 21
1586365566.180773, 21
1586365566.197387, 20
1586365566.213976, 22
1586365566.230560, 22
1586365566.247285, 23
1586365566.264079, 22
1586365566.280351, 22
1586365566.296724, 22
1586365566.313235, 24
1586365566.329873, 23
1586365566.345446, 23
1586365566.359215, 24
1586365566.373031, 22
1586365566.388389, 23
1586365566.402246, 22
1586365566.416647, 24
1586365566.430345, 24
1586365566.444218, 25
1586365566.457960, 24
1586365566.472360, 22
1586365566.486166, 23
1586365566.500587, 23
1586365566.515325, 25
1586365566.528993, 24
1586365566.543625, 24
1586365566.558195, 24
1586365566.572025, 23
1586365566.586435, 24
1586365566.600383, 24
1586365566.614069, 25
1586365566.627726, 25
1586365566.642248, 24
1586365566.656088, 24
1586365566.671516, 27
1586365566.687106, 25
1586365566.701757, 24
1586365566.716282, 25
1586365566.731053, 26
1586365566.747435, 25
1586365566.761609, 27
1586365566.780657, 26
1586365566.798067, 25
1586365566.814470, 26
1586365566.829076, 27
1586365566.843729, 27
1586365566.861571, 27
1586365566.875627, 26
1586365566.893486, 27
1586365566.911364, 26
1586365566.927093, 28
1586365566.943940, 27
1586365566.962943, 28
1586365566.981445, 26
1586365566.996595, 27
1586365567.011629, 27
1586365567.026248, 28
1586365567.045663, 28
1586365567.059334, 28
1586365567.074776, 28
1586365567.089941, 27
1586365567.105884, 27
1586365567.122912, 30
1586365567.137762, 29
1586365567.151602, 29
1586365567.165237, 28
1586365567.179961, 29
1586365567.195614, 28
1586365567.210535, 29
1586365567.231768, 29
1586365567.245553, 29
1586365567.274076, 30
1586365567.287734, 29
1586365567.302063, 29
1586365567.315635, 29
1586365567.329221, 30
1586365567.343018, 30
1586365567.360036, 29
1586365567.382392, 31
1586365567.397122, 30
1586365567.410682, 28
1586365567.429828, 31
1586365567.443839, 31
1586365567.457500, 29
1586365567.472156, 30
1586365567.485987, 30
1586365567.499852, 30
1586365567.515978, 30
1586365567.529781, 31
1586365567.547399, 31
1586365567.560974, 32
1586365567.574220, 31
1586365567.590314, 32
1586365567.605145, 30
1586365567.622505, 29
1586365567.643135, 31
1586365567.659312, 32
1586365567.674093, 32
1586365567.691290, 31
1586365567.706902, 31
1586365567.722173, 33
1586365567.740008, 31
1586365567.755796, 32
1586365567.769932, 33
1586365567.784280, 32
1586365567.801127, 31
1586365567.815439, 31
1586365567.829248, 33
1586365567.845676, 32
1586365567.859881, 33
1586365567.873651, 34
1586365567.891127, 33
1586365567.906570, 32
1586365567.922963, 33
1586365567.941680, 33
1586365567.956254, 33
1586365567.971069, 34
1586365567.985132, 34
1586365567.999654, 32
1586365568.014086, 32
1586365568.029089, 35
1586365568.043004, 35
1586365568.057420, 33
1586365568.073469, 34
1586365568.088100, 34
1586365568.107667, 33
1586365568.122326, 34
1586365568.136552, 35
1586365568.151136, 34
1586365568.164602, 34
1586365568.183817, 34
1586365568.197945, 35
1586365568.211921, 35
1586365568.229647, 35
1586365568.243800, 35
1586365568.257300, 35
